<<<<<<< Updated upstream
9.999998857759960780e-01 -2.786999756380394155e-07 3.368178623765510807e-04 1.370925244016463147e-05 7.540591629251149801e-06 -1.797465401724048482e-09 2.945771567850372259e-10 2.865852491925121431e-06
-2.786999756380394155e-07 9.999993199763784757e-01 8.220579739707358294e-04 3.294423231107273772e-05 1.812004542481941265e-05 -4.327992631897484076e-09 7.081570550929444693e-10 6.886491195270097187e-06
3.368178623765510807e-04 8.220579739707358294e-04 7.978923074065849839e-07 3.333097697905565298e-08 1.875790497763303072e-08 1.568931950499652229e-06 -3.943491692946635823e-07 5.805193509630466172e-09
1.370925244016463147e-05 3.294423231107273772e-05 3.333097697905565298e-08 4.002943519109134957e-09 7.344903031463209499e-09 4.567177304563791650e-05 -1.127931275654495458e-05 -4.043073735653308044e-09
7.540591629251149801e-06 1.812004542481941265e-05 1.875790497763303072e-08 7.344903031463209499e-09 1.764536739900267313e-08 1.249245371122997307e-04 -2.575051684737177124e-05 -1.224797631624614217e-08
-1.797465401724048482e-09 -4.327992631897484076e-09 1.568931950499652229e-06 4.567177304563791650e-05 1.249245371122997307e-04 9.999999682922784405e-01 1.186743580836036038e-08 -1.060102683909479716e-04
2.945771567850372259e-10 7.081570550929444693e-10 -3.943491692946635823e-07 -1.127931275654495458e-05 -2.575051684737177124e-05 1.186743580836036038e-08 9.999999944165044452e-01 6.527444368232084883e-05
2.865852491925121431e-06 6.886491195270097187e-06 5.805193509630466172e-09 -4.043073735653308044e-09 -1.224797631624614217e-08 -1.060102683909479716e-04 6.527444368232084883e-05 2.364824800705322751e-08
=======
-4.811965435463779386e+02 4.819693510134565599e+02 4.562928020236606525e-08 -9.489868100244319624e-09 -7.939431897708758857e-09 -7.203000899938106062e-05 1.325526880800601882e-04 -4.409411043682957597e-07
-4.828881441379101034e+02 4.836606241438005895e+02 4.569132497624017296e-08 -9.502487763565249646e-09 -7.950002866142697792e-09 -7.213331954308708138e-05 1.327390073380210235e-04 -4.416304058029222289e-07
7.332706871043253614e+02 -7.331434785396659208e+02 -2.729524460140531612e-08 5.640219866397971535e-09 4.874715726577974174e-09 -2.143716777347712613e-03 -8.328676587971983736e-03 -1.982788592691520080e-04
-1.400933443188772856e+02 1.400678153723935679e+02 5.101386306917232069e-09 -3.555135380803428829e-09 -7.479851509294018180e-09 6.628222426819603552e-02 2.420084435989338090e-01 5.896527921192884492e-03
-9.411031170731347117e+01 9.409670313420792809e+01 3.441453654826639268e-09 -5.682910066899776979e-09 -1.367576059844256710e-08 1.314339632084505216e-01 4.593196005189383868e-01 1.138176350236008716e-02
8.499814697772822569e+01 -8.494839761502727526e+01 -2.638724709942153042e-09 -3.806206488129938143e-08 -1.017694719105099446e-07 1.054137940492101633e+00 6.904246374797367025e-01 4.606610116297815694e-02
2.380520747261495942e-02 -1.850465345394421146e-02 -8.791500396632803958e-11 -1.702030615528189267e-09 -4.139309183768818004e-09 2.960504501898165997e-02 1.392406621276961687e+00 2.203446225028304895e-02
-1.220378129678588497e+00 1.224989932701270545e+00 -4.449567757872632416e-12 -2.586786325999145242e-09 -6.564160982316420486e-09 5.816745522583094408e-02 1.032372796530466985e+00 1.756140134056494162e-02
>>>>>>> Stashed changes
