9.999999999999831246e-01 -3.561995436184795963e-14 -2.712476226129381751e-13 -6.850146402857692315e-12 -1.290282484859507343e-11 2.240864156744341220e-13 -9.310197331357221647e-14 -3.318116423105444950e-11 -6.778896395386822999e-11 9.577067430061070562e-11 1.897443321620987738e-12 -1.236482001989461419e-10 3.133550605000995518e-10 4.082977469873006577e-10 -8.744793046468855602e-10 -9.021491418012263435e-10 -1.586193692401804705e-09 -6.049473077589190497e-11 2.836183164078066425e-10 3.029028310213133788e-08 -4.383963997349935519e-08 -7.831025240714601215e-09 -2.878066935155254629e-08 4.533142478011293412e-09 4.952727129215568033e-09 -8.488158009245246501e-10 -1.678773014503098083e-08 8.897360071661862176e-10 1.419612821300390593e-08 9.843587306806075725e-12 -1.338712093438481266e-08 5.678348780385666637e-09 -1.000119774786161142e-08 -1.180455813606358603e-08 3.388059169664409731e-09 4.023690612158096865e-10 -2.405112753560387218e-10 5.612365314947754076e-09 -5.155470449248423614e-09 -3.448117595977113761e-11 1.890417933877463151e-09 -9.585254412214320068e-10 -5.694071953999841122e-09 -2.154415440713420164e-09 -2.063206847519886270e-10 2.856570678401766723e-10 2.616865372179427906e-09 -2.799085954317639451e-10 4.087831151234193893e-09 3.616140118292405258e-10 -1.689458669794836921e-10 -2.615543792588031635e-11 1.209234175185592764e-10 -4.495131015559057683e-11 -3.115735784139690780e-10 2.510296698328201072e-09 -1.179325282075869061e-09 -8.494062211541609529e-10 -6.687179271095692658e-10 -3.589758203657154979e-10
-3.561995436184795963e-14 9.999999999999162892e-01 -6.497393854308388644e-13 -1.639854964910260035e-11 -3.089020350989435380e-11 5.391202517748443140e-13 -2.240035943604267372e-13 -7.942453674915089799e-11 -1.623315055836342703e-10 2.293608964540859126e-10 4.562946797186967784e-12 -2.959788005062132097e-10 7.506787530840140304e-10 9.782399666563823108e-10 -2.092720609567791321e-09 -2.162169153232680075e-09 -3.802220972330324646e-09 -1.454520640486461832e-10 6.816819489391690594e-10 7.277897737090211091e-08 -1.053550610684225032e-07 -1.884339969940859770e-08 -6.915825376677139490e-08 1.094505698710370140e-08 1.188813793390532061e-08 -2.043040027703098873e-09 -4.038844796913770733e-08 2.140891598224152134e-09 3.413688151181731746e-08 2.442701873151164043e-11 -3.224924698733535770e-08 1.364492325413736249e-08 -2.403877648233338844e-08 -2.841711246743186450e-08 8.235457746323478432e-09 9.684517854839479016e-10 -5.759315759495693059e-10 1.354613846077542504e-08 -1.230917399476206947e-08 -8.561397450911558764e-11 4.555623530722356811e-09 -2.329157160348581369e-09 -1.362238276136307924e-08 -5.183342518377855462e-09 -4.993410807496550817e-10 6.913701281241319272e-10 6.289190125846045202e-09 -6.732939474835165810e-10 9.793574049850241195e-09 8.900847061399627918e-10 -4.095767495333800692e-10 -7.178043739305054261e-11 2.919842727847653177e-10 -1.077489994726630349e-10 -7.394653493890925805e-10 6.018065092759458733e-09 -2.848162605615300097e-09 -2.040822295596237966e-09 -1.609093355959556629e-09 -8.623126796124049191e-10
-2.712476226129381751e-13 -6.497393854308388644e-13 9.999999999950387464e-01 -1.252486212002264401e-10 -2.359639657195339770e-10 4.158150752539346371e-12 -1.727906980687066969e-12 -6.064965690603676439e-10 -1.240607744661413990e-09 1.753217446294529555e-09 3.516265680709822435e-11 -2.260239437429554063e-09 5.741544159770367558e-09 7.483771741993877914e-09 -1.597299436891384620e-08 -1.655183609820416503e-08 -2.911597733598944244e-08 -1.120487276840966848e-09 5.247560512574399913e-09 5.598770648081864796e-07 -8.107903481241390986e-07 -1.453724953566454545e-07 -5.321212632742243808e-07 8.499420071496598962e-08 9.130027573098074670e-08 -1.577167887801227780e-08 -3.115097841553997073e-07 1.651744894438715101e-08 2.630433456073736197e-07 1.995745958652619773e-10 -2.493628957402210575e-07 1.049890733348500852e-07 -1.850540830339966407e-07 -2.194349371426395698e-07 6.478829465651498004e-08 7.475697414670484648e-09 -4.401345547888844136e-09 1.051356730573569560e-07 -9.351924760822182922e-08 -7.003926826385633042e-10 3.524665224739463292e-08 -1.831193521026971993e-08 -1.039103121881827975e-07 -3.997758983665632420e-08 -3.895859309964736726e-09 5.394381711189257528e-09 4.840718079774189223e-08 -5.189082889086914494e-09 7.491567994762084361e-08 7.167361755208471860e-09 -3.205894839842317902e-09 -6.869673435454817005e-10 2.267979069280147781e-09 -8.251385663085425748e-10 -5.549805667732160101e-09 4.609480512604431022e-08 -2.213076958462257423e-08 -1.569848503461008562e-08 -1.241441275464368566e-08 -6.630647944322193624e-09
-6.850146402857692315e-12 -1.639854964910260035e-11 -1.252486212002264401e-10 9.999999968326090949e-01 -5.971768292973186126e-09 1.111289024703584010e-10 -4.620929825693478661e-11 -1.531854677610544956e-08 -3.148406995389131983e-08 4.454298794961724949e-08 9.352415470675138751e-10 -5.710404445439241983e-08 1.463707929561119650e-07 1.910391141472207427e-07 -4.024012573013394458e-07 -4.240775287289240520e-07 -7.473305203272572037e-07 -2.973863652739900526e-08 1.386517774357210816e-07 1.473390225138483363e-05 -2.138043554788451392e-05 -3.883649246898653348e-06 -1.401814260264686788e-05 2.349000505577483673e-06 2.399264976195534647e-06 -4.237925820632403873e-07 -8.330111372313472751e-06 4.424355672806441935e-07 6.998228002147445471e-06 6.936512383822582681e-09 -6.757014589864203302e-06 2.765146580224617881e-06 -4.885829530501384271e-06 -5.903446625087612990e-06 1.917490046319236085e-06 2.007061559540193003e-07 -1.116681062462182554e-07 2.905801086591215136e-06 -2.290401895102198245e-06 -2.461754294211899853e-08 9.554139761639820585e-07 -5.401846855632845976e-07 -2.606736092737474760e-06 -1.066499003576023867e-06 -1.105650726840254874e-07 1.531711573629453620e-07 1.278460848458971347e-06 -1.367198558257331121e-07 1.910770703094618357e-06 2.355736553984054224e-07 -9.250763935410658143e-08 -3.786315396275929229e-08 6.294201388284882511e-08 -2.123431117607375779e-08 -1.252016166474137994e-07 1.184753211306456804e-06 -6.150520086247636899e-07 -4.127213895145295437e-07 -3.322608683600766812e-07 -1.741234728122655751e-07
-1.290282484859507343e-11 -3.089020350989435380e-11 -2.359639657195339770e-10 -5.971768292973186126e-09 9.999999887368181684e-01 2.149976843545006995e-10 -8.942627616185466696e-11 -2.886425857745028156e-08 -5.945963110651817422e-08 8.416723971371011551e-08 1.805454437885654321e-09 -1.076144557328509433e-07 2.770279960706862986e-07 3.617969840979115975e-07 -7.573313228730445321e-07 -8.045210607489993002e-07 -1.418968927227379568e-06 -5.734548769698153185e-08 2.667362645786375531e-07 2.828736724647439306e-05 -4.108378016055949959e-05 -7.504293554558600865e-06 -2.692560325082569354e-05 4.603474133724565673e-06 4.626551348377799570e-06 -8.221552648422485583e-07 -1.612592421742817697e-05 8.571351878868480175e-07 1.351736841797475668e-05 1.476958419902319801e-08 -1.315336335600637624e-05 5.309499690759389692e-06 -9.390617795875483723e-06 -1.145598904856093927e-05 3.871496337179831724e-06 3.890990287455818835e-07 -2.108595553592289202e-07 5.704931796965346445e-06 -4.248051694613125999e-06 -5.279470056997414228e-08 1.856930892896833613e-06 -1.089062858767936829e-06 -4.893901422980958311e-06 -2.059457401564181000e-06 -2.194214854823173972e-07 3.040780876942015777e-07 2.459420545223681497e-06 -2.611777359520738234e-07 3.616527867829959718e-06 4.936625819462299619e-07 -1.848529224949705080e-07 -9.014731807822008663e-08 1.237889133757071544e-07 -4.042093329086597590e-08 -2.213949602236400101e-07 2.250946771506640749e-06 -1.209993414585412733e-06 -7.917458512460830460e-07 -6.431526137122618405e-07 -3.340423233513889197e-07
2.240864156744341220e-13 5.391202517748443140e-13 4.158150752539346371e-12 1.111289024703584010e-10 2.149976843545006995e-10 9.999999999760661451e-01 1.008924501305549621e-11 5.164434988659105712e-10 1.242009718144843503e-09 -1.820607601522612491e-09 -1.847187623156097343e-10 1.985958928519845520e-09 -6.651350981474578496e-09 -9.013892139535071766e-09 1.593508278832622171e-08 2.194941026920408264e-08 4.024919778153129244e-08 4.936132006682682371e-09 -1.366669090810055819e-08 -7.700542257713725930e-07 1.094059048199515572e-06 1.802651279932834730e-07 8.024159919301078449e-07 -1.379790234564104671e-07 -1.794826552994411305e-06 1.230753593904368333e-07 2.254832758503212560e-06 -1.299952587962029268e-07 -1.909478859147390681e-06 -4.906441255617616237e-09 1.899099782595521769e-06 -7.399761240470963633e-08 1.343201091541013421e-08 1.584601351067757096e-06 -1.225647985480227728e-06 -4.908268735071647302e-08 -3.799697137177090648e-10 -1.031950127007049918e-06 -5.247245756009375056e-07 3.444936472832102479e-08 1.681542436096115307e-08 3.528225125129721647e-07 -2.421546239160274559e-07 4.299129477624035422e-08 4.653146265609310931e-08 -6.843945867817927379e-08 -5.994908423422670224e-08 -1.273216796512220715e-07 -1.805927904450576568e-09 -1.566368942425175113e-07 3.608808924353758011e-08 1.851707389493571413e-08 -2.861370542970760545e-08 6.205131947937780682e-09 -1.323774329627869083e-07 -9.227755918411951458e-08 1.367745072479168728e-07 -1.449813949263229400e-08 2.647619634407873399e-08 1.691470470723547431e-08
-9.310197331357221647e-14 -2.240035943604267372e-13 -1.727906980687066969e-12 -4.620929825693478661e-11 -8.942627616185466696e-11 1.008924501305549621e-11 9.999999999957450703e-01 -2.146539949025212262e-10 -5.171342809472478341e-10 7.583365439448486217e-10 7.783917951611745353e-11 -8.259278184255342565e-10 2.773616776935318485e-09 3.760202949968384755e-09 -6.650176637836897271e-09 -9.162874554071817681e-09 -1.680751317110562931e-08 -2.077501845690372550e-09 5.722425107090041047e-09 3.188882049230113413e-07 -4.524886874162100723e-07 -7.399473252699977501e-08 -3.327390401618548262e-07 5.647618580799311105e-08 7.628164957085695717e-07 -5.196711839564951579e-08 -9.523484376731203767e-07 5.490442962205179252e-08 8.069864497743318297e-07 2.050412769259154181e-09 -8.003946471141530997e-07 2.984870045086094888e-08 -2.628836330555942073e-09 -6.682843708561248626e-07 5.161460425546849933e-07 2.068848815261123611e-08 1.434015634570130439e-10 4.345839798920795347e-07 2.212506446728186313e-07 -1.452038784468704113e-08 -8.224421805045408178e-09 -1.483088144948370399e-07 1.023286060059399537e-07 -1.738731394817665117e-08 -1.956485245277298762e-08 2.879210368835972811e-08 2.531410440194207888e-08 5.433602196963895571e-08 4.732245727949123207e-10 6.590411377233594921e-08 -1.521512560593740112e-08 -8.034344589067736187e-09 1.203111060978309573e-08 -2.649744209042769566e-09 5.613935317745413765e-08 3.885274365944493922e-08 -5.760350982855742143e-08 6.430457413327905165e-09 -1.120079234645226668e-08 -7.046419017917461894e-09
-3.318116423105444950e-11 -7.942453674915089799e-11 -6.064965690603676439e-10 -1.531854677610544956e-08 -2.886425857745028156e-08 5.164434988659105712e-10 -2.146539949025212262e-10 9.999999258413561076e-01 -1.518478087783872689e-07 2.146426168774925251e-07 4.360869156809033780e-09 -2.764003027358078304e-07 7.034642506229273379e-07 9.171954521410357505e-07 -1.953510695603860330e-06 -2.030360855310844636e-06 -3.572943370493289237e-06 -1.387823538263218948e-07 6.482010705695268065e-07 6.901558773283938204e-05 -9.997833952159227518e-05 -1.796450132091288577e-05 -6.563155544454160725e-05 1.058152159322661531e-05 1.192116272932166595e-05 -1.961936281991644354e-06 -3.875273878072137693e-05 2.049238683257849997e-06 3.262889339386480065e-05 2.524677692245718373e-08 -3.097645880656372803e-05 1.293492618193062369e-05 -2.281854673159955231e-05 -2.718241346614341827e-05 8.231920679678604745e-06 9.265464867463945342e-07 -5.379412778880746432e-07 1.312058332512841080e-05 -1.130729356474042547e-05 -9.429708393181869261e-08 4.379683724543022244e-06 -2.320648958643861292e-06 -1.263316835340201739e-05 -4.947353901888594118e-06 -4.904971881201074407e-07 6.793899323694666815e-07 5.968176593776519141e-06 -6.443886072939469995e-07 9.143344138728256909e-06 9.381876570383552232e-07 -4.058924763883755371e-07 -1.097098310637517926e-07 2.844454246029289109e-07 -9.982636471914962703e-08 -6.631647706181847179e-07 5.639701401131242543e-06 -2.763198865711351483e-06 -1.936833613785635860e-06 -1.535410521267351649e-06 -8.182486351596319184e-07
-6.778896395386822999e-11 -1.623315055836342703e-10 -1.240607744661413990e-09 -3.148406995389131983e-08 -5.945963110651817422e-08 1.242009718144843503e-09 -5.171342809472478341e-10 -1.518478087783872689e-07 9.999996845948661006e-01 4.473351117589718889e-07 1.035306027317686157e-08 -5.664456817942922254e-07 1.481044935933405890e-06 1.938630798045024538e-06 -3.968594040099251913e-06 -4.337439820051435436e-06 -7.673215624381006853e-06 -3.273139606482483989e-07 1.507555653944514517e-06 1.585789995701172275e-04 -2.309369160045621856e-04 -4.291178820559083258e-05 -1.511036888751932778e-04 2.743999316024433474e-05 2.734604839294221975e-05 -4.800732153293347524e-06 -9.354269749713399072e-05 4.979915577522076833e-06 7.781665503829671778e-05 1.092853910698466853e-07 -7.748165838833263484e-05 2.971229676938237326e-05 -5.267167798477855267e-05 -6.681703961634469040e-05 2.546110280815707725e-05 2.261543456064928414e-06 -1.117619088071192588e-06 3.451203974753113747e-05 -2.092936778907529682e-05 -4.058618790934973986e-07 1.077756068237870953e-05 -7.128566724330877984e-06 -2.531185083103241755e-05 -1.173814315722746314e-05 -1.370122634955482561e-06 1.902042387988520570e-06 1.389207972089647306e-05 -1.392359756414508196e-06 1.929331945143822260e-05 3.568491056043581082e-06 -1.178712309034146343e-06 -8.428173230116728050e-07 7.536684609643148467e-07 -2.216358469630855773e-07 -8.534568534334713738e-07 1.218795549926003622e-05 -7.352556643841255416e-06 -4.413192460293208624e-06 -3.713213802670910832e-06 -1.868875260001267639e-06
9.577067430061070562e-11 2.293608964540859126e-10 1.753217446294529555e-09 4.454298794961724949e-08 8.416723971371011551e-08 -1.820607601522612491e-09 7.583365439448486217e-10 2.146426168774925251e-07 4.473351117589718889e-07 9.999993650534551026e-01 -1.513474929989022058e-08 8.008791392646140016e-07 -2.107164471080299884e-06 -2.760701424999200056e-06 5.601296934413074409e-06 6.191636327824475081e-06 1.096644866176329608e-05 4.775429175873471709e-07 -2.190249071507555304e-06 -2.296065575194014509e-04 3.346818747849804321e-04 6.255523203422779627e-05 2.187725227991399153e-04 -4.052378592507826366e-05 -4.072105964108606118e-05 7.068796879225093278e-06 1.374149733883288794e-04 -7.319544814468976846e-06 -1.140102951564599159e-04 -1.723374079224894056e-07 1.143804406925254128e-04 -4.294186677156685509e-05 7.616418430006278485e-05 9.829876437329287779e-05 -3.897858554730171822e-05 -3.322375624850375164e-06 1.584458104897945443e-06 -5.141355384588552587e-05 2.871824879023260872e-05 6.495877073178363838e-07 -1.575955574079416265e-05 1.089661069638964091e-05 3.549744791705018677e-05 1.707498252699386646e-05 2.061296704286216215e-06 -2.863971001937961266e-06 -2.017731378834922021e-05 1.945788950906960963e-06 -2.741269100806309434e-05 -5.608675805681020826e-06 1.785841847385390659e-06 1.405873917195029227e-06 -1.125164558584234850e-06 3.196696877753983445e-07 1.007727779647111336e-06 -1.742514990941769728e-05 1.096202662689554936e-05 6.365963691029313499e-06 5.439845005942832886e-06 2.703550309551551745e-06
1.897443321620987738e-12 4.562946797186967784e-12 3.516265680709822435e-11 9.352415470675138751e-10 1.805454437885654321e-09 -1.847187623156097343e-10 7.783917951611745353e-11 4.360869156809033780e-09 1.035306027317686157e-08 -1.513474929989022058e-08 9.999999985719413287e-01 1.671480429074181402e-08 -5.486411557328796691e-08 -7.416006583774231390e-08 1.319977825043622134e-07 1.795727985670558129e-07 3.285243739719273868e-07 3.837258727036187185e-08 -1.087326043903701333e-07 -6.428170393962978408e-06 9.169287735338512173e-06 1.545212563873243307e-06 6.638186842655845486e-06 -1.175398278273870637e-06 -1.347383479564714733e-05 9.428503423191412344e-07 1.727676021953562988e-05 -9.950022324819264357e-07 -1.460765380788868385e-05 -3.818407095649417674e-08 1.461006943338032761e-05 -6.774160324476043894e-07 3.301738828378876892e-07 1.217844732155267563e-05 -9.390404541316396637e-06 -3.780992462445823471e-07 -1.029767026134998853e-09 -7.934406923945915173e-06 -3.940342786319800022e-06 2.627768062269626193e-07 6.191468664178898412e-08 2.712321243390394878e-06 -1.776266022587109485e-06 3.797336201946125186e-07 3.585150218498061344e-07 -5.264786055145735300e-07 -4.852902260134772991e-07 -9.400109723767767622e-07 -6.604963580721370205e-08 -1.203399851659371294e-06 2.768870449610431160e-07 1.348828797516199949e-07 -2.202199929577194211e-07 4.638820315646127910e-08 -9.919299323073996191e-07 -7.292436372321628852e-07 1.058134360163780385e-06 -8.873094164362763317e-08 2.082097485874555137e-07 1.356875221983308094e-07
-1.236482001989461419e-10 -2.959788005062132097e-10 -2.260239437429554063e-09 -5.710404445439241983e-08 -1.076144557328509433e-07 1.985958928519845520e-09 -8.259278184255342565e-10 -2.764003027358078304e-07 -5.664456817942922254e-07 8.008791392646140016e-07 1.671480429074181402e-08 9.999989694007858088e-01 2.627019326150151854e-06 3.426230961458739797e-06 -7.312854264377375210e-06 -7.594304628304700332e-06 -1.336840946462350626e-05 -5.290166886841989212e-07 2.442553410443004054e-06 2.579445527587361040e-04 -3.735351125633586795e-04 -6.698046284630263837e-05 -2.455986545195532229e-04 3.955810733082318733e-05 6.023646956707693712e-05 -7.572294833366912340e-06 -1.504726574851937765e-04 7.793305746550501829e-06 1.249361235904698059e-04 7.717146492612125956e-08 -1.174313264835158486e-04 4.805647231536635129e-05 -8.489075152169728538e-05 -1.024038954017991081e-04 3.220011150827967086e-05 3.511180932524563075e-06 -2.005714442083208068e-06 4.977159347475712580e-05 -4.067840182641629010e-05 -4.088969508114529206e-07 1.656162318588976290e-05 -8.959234393567037157e-06 -4.570865298704325183e-05 -1.857922884395382310e-05 -1.904608219733360071e-06 2.642782097258061387e-06 2.218998605466225585e-05 -2.489622970235785546e-06 3.331506216203095684e-05 3.803124539912751089e-06 -1.598911103736867411e-06 -5.888571713426632100e-07 1.110392273582886800e-06 -3.431495804528551644e-07 -2.361716371927460809e-06 2.065179632004334902e-05 -1.048050455602617403e-05 -7.259869253873373026e-06 -5.716202055030748086e-06 -3.083729071908879810e-06
3.133550605000995518e-10 7.506787530840140304e-10 5.741544159770367558e-09 1.463707929561119650e-07 2.770279960706862986e-07 -6.651350981474578496e-09 2.773616776935318485e-09 7.034642506229273379e-07 1.481044935933405890e-06 -2.107164471080299884e-06 -5.486411557328796691e-08 2.627019326150151854e-06 9.999929567788814477e-01 -9.252863464914408897e-06 1.831112435201704075e-05 2.091057976260567199e-05 3.716642791783091981e-05 1.720742387669257902e-06 -7.797631027965600298e-06 -8.094318017641956124e-04 1.183100089658197830e-03 2.249209279914772357e-04 7.616014678900771481e-04 -1.477903117027889524e-04 -1.716147547796436799e-04 2.610040042125439253e-05 5.058651086235673713e-04 -2.677913679407642803e-05 -4.152695135595699900e-04 -6.994542136422652364e-07 4.214952617172485969e-04 -1.473229706452425908e-04 2.612101694388664218e-04 3.585957666264702232e-04 -1.569854610944593015e-04 -1.210249399803716378e-05 5.235003948776615062e-06 -1.932919931137028495e-04 8.351313783846267427e-05 2.908690584749720226e-06 -5.551795773633974937e-05 4.358111105650667782e-05 1.113247722448876861e-04 5.960674472746770096e-05 7.956181368979279688e-06 -1.109466358598236275e-05 -7.055012023787725199e-05 5.664782412650824225e-06 -8.970591062380605220e-05 -2.377179821874310378e-05 7.024438956715108728e-06 6.725165174941047342e-06 -4.292583209547434603e-06 1.088222140462451687e-06 1.057674717944395075e-06 -5.825727711336869805e-05 4.110899901880978914e-05 2.172558704305238274e-05 1.950312243408023133e-05 9.387499701824139327e-06
4.082977469873006577e-10 9.782399666563823108e-10 7.483771741993877914e-09 1.910391141472207427e-07 3.617969840979115975e-07 -9.013892139535071766e-09 3.760202949968384755e-09 9.171954521410357505e-07 1.938630798045024538e-06 -2.760701424999200056e-06 -7.416006583774231390e-08 3.426230961458739797e-06 -9.252863464914408897e-06 9.999878316818298085e-01 2.384096149729072000e-05 2.757520935906974938e-05 4.907701949927553058e-05 2.320946095564182081e-06 -1.047159899130447031e-05 -1.083168538821215965e-03 1.584597953401573923e-03 3.029084100609899456e-04 1.014088370052458089e-03 -1.995938576085539947e-04 -2.397759866167196790e-04 3.552957809095029751e-05 6.874610391715954344e-04 -3.638485624686714688e-05 -5.629931777153045170e-04 -9.892567266665604422e-07 5.739877837900492262e-04 -1.950501462344473734e-04 3.455695381326160482e-04 4.869308004154359725e-04 -2.199477562378451183e-04 -1.640910810290595521e-05 6.840244096469241046e-06 -2.651191178325163346e-04 1.034856625571927200e-04 4.197735698532770342e-06 -7.395980907790580198e-05 6.097436711059261950e-05 1.428277079768436471e-04 7.934670808722201732e-05 1.098169771093484971e-05 -1.533555231243569002e-05 -9.426445638527315100e-05 6.743080854614473356e-06 -1.171731019680121295e-04 -3.375113042424261620e-05 9.746201059420300810e-06 9.803503449794891659e-06 -5.903824032300790773e-06 1.461394347663382683e-06 1.056482877230197696e-07 -7.673652003000181311e-05 5.624046743597220261e-05 2.865381801374705258e-05 2.629058674489335770e-05 1.248830822392454092e-05
-8.744793046468855602e-10 -2.092720609567791321e-09 -1.597299436891384620e-08 -4.024012573013394458e-07 -7.573313228730445321e-07 1.593508278832622171e-08 -6.650176637836897271e-09 -1.953510695603860330e-06 -3.968594040099251913e-06 5.601296934413074409e-06 1.319977825043622134e-07 -7.312854264377375210e-06 1.831112435201704075e-05 2.384096149729072000e-05 9.999447535180696622e-01 -5.306651227826361520e-05 -9.308506963027578230e-05 -4.016986638127942480e-06 1.706383887187778032e-05 1.691190989040333107e-03 -2.431836912721220371e-03 -4.147991662275429445e-04 -1.541254089581940104e-03 2.042878962287690591e-04 1.783698922862297876e-03 -5.776738629169364433e-05 -1.257210689804157946e-03 4.972001758256317742e-05 9.005023339108675622e-04 -1.895832876970248031e-06 -7.015881955385612056e-04 2.607459916538316393e-04 -4.632837037873696259e-04 -5.773273596677769900e-04 1.958808340064965424e-04 2.186394926371301506e-05 -1.278411507391846754e-05 2.809205583086502749e-04 -1.860458338251773326e-04 -3.980700426071094354e-06 1.031720032999359750e-04 -5.314321775212391808e-05 -2.054826465225799881e-04 -1.076744884619019478e-04 -1.310335111309325726e-05 1.852080475408882313e-05 1.182486484772214620e-04 -2.249542372766368843e-05 1.521576272377905294e-04 2.273683775498414565e-05 -1.207921106031015488e-05 -7.705031970955271536e-06 8.925014915635382383e-06 3.989767248696869141e-07 -1.566815738489735069e-05 9.863556107363756281e-05 -5.645400274587990410e-05 -4.698733128468042270e-05 -3.057733286508823074e-05 -2.078155688402675956e-05
-9.021491418012263435e-10 -2.162169153232680075e-09 -1.655183609820416503e-08 -4.240775287289240520e-07 -8.045210607489993002e-07 2.194941026920408264e-08 -9.162874554071817681e-09 -2.030360855310844636e-06 -4.337439820051435436e-06 6.191636327824475081e-06 1.795727985670558129e-07 -7.594304628304700332e-06 2.091057976260567199e-05 2.757520935906974938e-05 -5.306651227826361520e-05 9.999367227456092966e-01 -1.130140921921122876e-04 -5.665398735101767798e-06 2.625279701246337720e-05 2.761852228690579031e-03 -4.074211726320016609e-03 -8.134758687128602461e-04 -2.258550437051087822e-03 4.664539009124407058e-04 8.129078950457808463e-04 -8.326508448165189518e-05 -1.638410200116549933e-03 8.247648972268228874e-05 1.301329128266326971e-03 1.786977522356546226e-06 -1.298218525809233248e-03 4.034743577075422093e-04 -7.131351190742854203e-04 -1.084571553107505429e-03 5.219000216185081453e-04 3.720999231176514951e-05 -1.486057355035337330e-05 5.984759888305662620e-04 -1.745800044734433431e-04 -1.085702238286043350e-05 1.555973067968245119e-04 -1.424991614542279767e-04 -2.670666841233550735e-04 -1.663074561434712531e-04 -2.575307772703962352e-05 3.619242874914948703e-05 1.987474313946923342e-04 -1.067069418355749584e-05 2.300810072077022440e-04 8.022441206439258647e-05 -2.330955101769383779e-05 -2.534089849861783449e-05 1.420749744072312892e-05 -2.654468473796001375e-06 5.865576103677564137e-06 1.552663067341531465e-04 -1.246058125616470542e-04 -5.953482461841681366e-05 -5.667323662926006830e-05 -2.718328806878464704e-05
-1.586193692401804705e-09 -3.802220972330324646e-09 -2.911597733598944244e-08 -7.473305203272572037e-07 -1.418968927227379568e-06 4.024919778153129244e-08 -1.680751317110562931e-08 -3.572943370493289237e-06 -7.673215624381006853e-06 1.096644866176329608e-05 3.285243739719273868e-07 -1.336840946462350626e-05 3.716642791783091981e-05 4.907701949927553058e-05 -9.308506963027578230e-05 -1.130140921921122876e-04 9.997978154514030047e-01 -1.035261893906011983e-05 4.789315649705435328e-05 5.031274504118417659e-03 -7.430517349822000558e-03 -1.493470527221571736e-03 -4.049659009330100652e-03 8.472361963430972889e-04 1.469103528330555335e-03 -1.533522759267095864e-04 -3.006599753210883845e-03 1.522249459641122839e-04 2.391417011767347795e-03 3.568447142530699298e-06 -2.401331320901897975e-03 7.166664107940780336e-04 -1.262255673338662709e-03 -2.003296357568201506e-03 9.932382200104159387e-04 6.850072956278665972e-05 -2.620553304436348818e-05 1.116122305768807183e-03 -2.799493881329197242e-04 -2.107179062821678441e-05 2.751772109203421031e-04 -2.713173380219099191e-04 -4.588560945936002045e-04 -2.962871996481790697e-04 -4.804425350691729073e-05 6.765396276231969391e-05 3.586411281050133431e-04 -1.217778437574199098e-05 4.063324116411265387e-04 1.538249464397541469e-04 -4.356104391320623359e-05 -4.862030973886460774e-05 2.642393986330987752e-05 -5.076659295512604297e-06 1.825368401615175005e-05 2.770468647515582600e-04 -2.309607417955521192e-04 -1.045145875462303464e-04 -1.039088233242516931e-04 -4.859952232941929347e-05
-6.049473077589190497e-11 -1.454520640486461832e-10 -1.120487276840966848e-09 -2.973863652739900526e-08 -5.734548769698153185e-08 4.936132006682682371e-09 -2.077501845690372550e-09 -1.387823538263218948e-07 -3.273139606482483989e-07 4.775429175873471709e-07 3.837258727036187185e-08 -5.290166886841989212e-07 1.720742387669257902e-06 2.320946095564182081e-06 -4.016986638127942480e-06 -5.665398735101767798e-06 -1.035261893906011983e-05 9.999989275860100557e-01 3.567289983115693167e-06 2.725464740752418747e-04 -4.016965357025475860e-04 -8.050998530722733955e-05 -2.066935858897895998e-04 4.549827185291840839e-05 3.320497996103140563e-04 -2.353637847193649913e-05 -4.342940528974886349e-04 2.445864316673196861e-05 3.601854313637760873e-04 9.879533526582658172e-07 -3.684550885003984788e-04 2.252104283165074245e-05 -2.130417888419716655e-05 -3.029127629161517646e-04 2.390958643925978776e-04 9.592854124625553431e-06 1.084863366269419484e-08 2.004839852059225923e-04 1.010020942357898864e-04 -6.663099272451136208e-06 3.914219977427143134e-06 -7.019569989293486891e-05 4.556579918827330708e-05 -1.275141123604231702e-05 -9.323060293347224642e-06 1.362060349758021075e-05 1.106389095413130882e-05 2.016830393076330898e-05 1.631675261812665987e-06 3.080673297733020800e-05 -7.003515267829509058e-06 -2.192644099073416969e-06 5.769569954717357979e-06 -9.238352679015141885e-07 2.326469096620410344e-05 1.762694158169508341e-05 -2.646874908471562776e-05 8.138643874630340964e-07 -4.803905615654230047e-06 -3.831543536077209626e-06
2.836183164078066425e-10 6.816819489391690594e-10 5.247560512574399913e-09 1.386517774357210816e-07 2.667362645786375531e-07 -1.366669090810055819e-08 5.722425107090041047e-09 6.482010705695268065e-07 1.507555653944514517e-06 -2.190249071507555304e-06 -1.087326043903701333e-07 2.442553410443004054e-06 -7.797631027965600298e-06 -1.047159899130447031e-05 1.706383887187778032e-05 2.625279701246337720e-05 4.789315649705435328e-05 3.567289983115693167e-06 9.999813193043762816e-01 -2.110572233188620986e-03 3.227265959536778587e-03 7.589659241990479206e-04 4.896363729075351454e-04 -1.610232047672819267e-04 -6.708962428194962082e-04 4.442379748020995909e-05 8.525721160866846530e-04 -4.524871645279632541e-05 -6.916904761450835522e-04 -1.606175708284793807e-06 7.081927961348895252e-04 -5.057650633515082774e-05 5.751513183884668460e-05 5.753525563023235458e-04 -4.558806344660246731e-04 -1.937631636169846066e-05 1.290003213548812597e-06 -3.811226378899359286e-04 -1.899872079806811753e-04 1.276723708112586790e-05 -1.341599678668939922e-05 1.341008540895390630e-04 -8.438327460439210383e-05 2.779517653535929230e-05 1.864727741353895126e-05 -2.716195351523737863e-05 -2.114575526314971146e-05 -3.456146650637646002e-05 -4.499846489393291869e-06 -5.858052144312211174e-05 1.416566767448176524e-05 3.199979062395841714e-06 -1.191314773552523705e-05 1.338539597501899779e-06 -4.210687671787264989e-05 -3.341659987889539105e-05 5.018118769061074034e-05 -6.300446882221812762e-08 9.085208105903320753e-06 8.568710051185918594e-06
3.029028310213133788e-08 7.277897737090211091e-08 5.598770648081864796e-07 1.473390225138483363e-05 2.828736724647439306e-05 -7.700542257713725930e-07 3.188882049230113413e-07 6.901558773283938204e-05 1.585789995701172275e-04 -2.296065575194014509e-04 -6.428170393962978408e-06 2.579445527587361040e-04 -8.094318017641956124e-04 -1.083168538821215965e-03 1.691190989040333107e-03 2.761852228690579031e-03 5.031274504118417659e-03 2.725464740752418747e-04 -2.110572233188620986e-03 7.177784050468849486e-01 4.365602221200317046e-01 1.073294261625317436e-01 6.042597854937491707e-03 -9.035392095541284682e-03 -3.717161265836384232e-03 8.501621027235359317e-05 6.191120257588497017e-03 -6.345910834379880688e-05 -4.608315664438544096e-03 2.946330935090962346e-05 4.465347646306063942e-03 -1.067422100620776847e-03 1.853473441163511768e-03 3.586407537139187952e-03 -1.936059024493553410e-03 -2.705780574163585027e-04 2.179936283597370570e-04 -2.023588712881467175e-03 1.922842509827045129e-04 6.161946460723710336e-05 -3.899321857657541855e-04 4.976041249027294503e-04 5.479585736373119957e-04 4.158314260460263360e-04 2.048031038277640784e-04 -2.912017326805021447e-04 -5.680794626766032815e-04 -3.782754019181249405e-05 -5.603538545956364240e-04 -2.659408488980616997e-04 2.202774344813912186e-04 8.594671384417014242e-05 -1.796615974034895921e-04 -1.578056454692151433e-05 -8.590817021525579491e-05 -4.367711667143176673e-04 3.769877488017051720e-04 1.017229334840643115e-04 1.797792234494437365e-04 2.170415426816176994e-04
-4.383963997349935519e-08 -1.053550610684225032e-07 -8.107903481241390986e-07 -2.138043554788451392e-05 -4.108378016055949959e-05 1.094059048199515572e-06 -4.524886874162100723e-07 -9.997833952159227518e-05 -2.309369160045621856e-04 3.346818747849804321e-04 9.169287735338512173e-06 -3.735351125633586795e-04 1.183100089658197830e-03 1.584597953401573923e-03 -2.431836912721220371e-03 -4.074211726320016609e-03 -7.430517349822000558e-03 -4.016965357025475860e-04 3.227265959536778587e-03 4.365602221200317046e-01 3.235514028890393856e-01 -1.673819552273031475e-01 5.571111906656298768e-03 1.096907990179658669e-02 -6.892764425555211521e-04 4.147088677184345546e-04 1.116153861064454050e-03 -4.105376383046773869e-04 -8.989435959321020889e-04 -5.549318830350829650e-05 9.630712988262107605e-04 -2.278365589490902242e-04 3.961754136004830935e-04 7.973727815261551742e-04 -4.756617063511129609e-04 2.026993263130974791e-04 -2.662467792318102470e-04 -4.529304816389898014e-04 2.681904944743945818e-05 -1.477817623814769863e-05 -9.846488969637946028e-05 1.556499083742618234e-04 1.042191181920823956e-04 1.360662112443000824e-04 -1.619118457185643142e-04 2.293673736922737817e-04 -1.038296004054479321e-04 1.874046288229095180e-05 -1.240241466598580628e-04 -1.020721670911741840e-04 -2.011382130539720995e-04 3.407290264225701560e-05 1.920220295489692003e-04 3.748607957729761862e-05 -8.061948893298138722e-07 -4.140013871084803442e-05 1.062379494993916882e-04 1.086271089280828100e-04 2.649522647671715054e-05 -2.029630023061227285e-04
-7.831025240714601215e-09 -1.884339969940859770e-08 -1.453724953566454545e-07 -3.883649246898653348e-06 -7.504293554558600865e-06 1.802651279932834730e-07 -7.399473252699977501e-08 -1.796450132091288577e-05 -4.291178820559083258e-05 6.255523203422779627e-05 1.545212563873243307e-06 -6.698046284630263837e-05 2.249209279914772357e-04 3.029084100609899456e-04 -4.147991662275429445e-04 -8.134758687128602461e-04 -1.493470527221571736e-03 -8.050998530722733955e-05 7.589659241990479206e-04 1.073294261625317436e-01 -1.673819552273031475e-01 9.575669441143848104e-01 1.570869848250312437e-02 -2.411718508601401695e-04 -7.138599956171491623e-03 5.906864819931618429e-04 1.002713800593640035e-02 -5.400581851177338032e-04 -7.317124570109303019e-03 -1.900449480413630974e-05 7.047867117282352427e-03 -1.768274753173943153e-03 3.102784338873190283e-03 5.636804814485470855e-03 -3.016828015270670623e-03 -1.392930751803482439e-04 2.456927740872040297e-06 -3.138765399321413133e-03 3.743982944184326292e-04 6.391425891076350026e-05 -6.846736852039435068e-04 8.060622457505054166e-04 9.018739381708763565e-04 7.438506227379039970e-04 9.434516690891075683e-05 -1.348762100215120097e-04 -8.873023949573109661e-04 6.782259173127710839e-06 -9.017660307273950467e-04 -4.469464476014962180e-04 7.210579787215871104e-05 1.512375052854397122e-04 -2.870316227508812822e-05 1.703461822125590248e-05 -8.641029464413932219e-05 -6.333788260453371462e-04 6.117357588849981062e-04 2.788132301396964051e-04 2.691640594408012529e-04 7.242426241214227787e-05
-2.878066935155254629e-08 -6.915825376677139490e-08 -5.321212632742243808e-07 -1.401814260264686788e-05 -2.692560325082569354e-05 8.024159919301078449e-07 -3.327390401618548262e-07 -6.563155544454160725e-05 -1.511036888751932778e-04 2.187725227991399153e-04 6.638186842655845486e-06 -2.455986545195532229e-04 7.616014678900771481e-04 1.014088370052458089e-03 -1.541254089581940104e-03 -2.258550437051087822e-03 -4.049659009330100652e-03 -2.066935858897895998e-04 4.896363729075351454e-04 6.042597854937491707e-03 5.571111906656298768e-03 1.570869848250312437e-02 9.619771627047878082e-02 2.936256801304201192e-01 -1.806489800430918910e-03 7.573751785916418193e-04 -7.439258214124622355e-03 -7.120978537443778964e-04 4.415281812159294744e-03 -1.437337637670038258e-04 -4.062346031397355735e-03 7.194698246756732691e-04 -1.253056727496286741e-03 -2.936115699137831388e-03 1.760066130599759540e-03 6.379296070651385795e-04 -6.639838376848776697e-04 1.676858186487816546e-03 1.641309238022563603e-04 -1.078329648154605639e-04 2.520614903524697674e-04 -4.090650285133151502e-04 -1.905044531011846416e-04 -2.156624769670068887e-04 -4.854403516007837669e-04 6.951571788408637343e-04 3.329676578837558127e-04 6.108166184295844262e-05 2.959394024115027206e-04 1.391648336457262870e-04 -5.512702899905083578e-04 2.173685690027397718e-06 5.124862560396525185e-04 9.718463786207242965e-05 1.179758668643430110e-04 2.597028277003746036e-04 -1.989199156199252135e-04 8.945299328388772698e-06 -1.518849123026842145e-04 -5.446731733803317601e-04
4.533142478011293412e-09 1.094505698710370140e-08 8.499420071496598962e-08 2.349000505577483673e-06 4.603474133724565673e-06 -1.379790234564104671e-07 5.647618580799311105e-08 1.058152159322661531e-05 2.743999316024433474e-05 -4.052378592507826366e-05 -1.175398278273870637e-06 3.955810733082318733e-05 -1.477903117027889524e-04 -1.995938576085539947e-04 2.042878962287690591e-04 4.664539009124407058e-04 8.472361963430972889e-04 4.549827185291840839e-05 -1.610232047672819267e-04 -9.035392095541284682e-03 1.096907990179658669e-02 -2.411718508601401695e-04 2.936256801304201192e-01 8.998643770914787066e-01 -4.648307037872038798e-03 -1.587045287490281833e-03 -2.378098786643661339e-02 1.174649879848734283e-03 1.407077985408204494e-02 5.749736087360623430e-05 -1.324732112385063575e-02 2.344909086048009052e-03 -4.090067286899290097e-03 -9.665557706661975432e-03 5.989276665678895661e-03 1.722255780348572825e-04 9.687899356654711385e-05 5.421963628986722211e-03 6.069358676215357755e-04 -1.297237622795827084e-04 8.956937195053870510e-04 -1.514189448327288908e-03 -4.477125978376200787e-04 -9.804977976770005033e-04 -1.213138787157513350e-04 1.776815621195218368e-04 1.070760675110263077e-03 9.417493870437093097e-05 8.951646592770407798e-04 6.397376057020424814e-04 -5.510621830674084583e-05 -2.154328853068996686e-04 9.777913843585450899e-07 -3.281479780904505923e-05 2.754631242754256048e-04 6.913295721480551374e-04 -7.780853937130172409e-04 -3.842604625250203290e-04 -4.079059287802377421e-04 -3.205084972183704144e-05
4.952727129215568033e-09 1.188813793390532061e-08 9.130027573098074670e-08 2.399264976195534647e-06 4.626551348377799570e-06 -1.794826552994411305e-06 7.628164957085695717e-07 1.192116272932166595e-05 2.734604839294221975e-05 -4.072105964108606118e-05 -1.347383479564714733e-05 6.023646956707693712e-05 -1.716147547796436799e-04 -2.397759866167196790e-04 1.783698922862297876e-03 8.129078950457808463e-04 1.469103528330555335e-03 3.320497996103140563e-04 -6.708962428194962082e-04 -3.717161265836384232e-03 -6.892764425555211521e-04 -7.138599956171491623e-03 -1.806489800430918910e-03 -4.648307037872038798e-03 2.985996426231923330e-03 -2.008435540277215148e-03 -1.842464972372192134e-03 1.313659767966346772e-03 1.368756061905732546e-03 4.628147709750585117e-04 -1.151919685135356815e-03 -7.756558940648866998e-05 2.526332609932380809e-04 -9.756883340101048935e-04 6.569084018257721931e-04 -2.654189945393761046e-04 2.270083645752372741e-04 5.169215481593132351e-04 3.208621941922543369e-04 1.703352195200626379e-04 -1.386086969610036111e-04 -5.415637513194885868e-07 2.841944191367260148e-04 9.587723201565037537e-05 -5.583756271660574158e-05 -2.467826833189874018e-05 3.203056844210225187e-04 2.752306732925738808e-04 -1.138333535568979030e-04 1.280892720797436360e-05 -1.240487995340381808e-04 -1.941852256379894787e-04 -4.983317324765870033e-05 -2.301614312800325413e-04 1.308521266532566623e-04 4.984204845986985868e-04 -1.623909426146573581e-04 3.222406746815043000e-04 6.363708124616890691e-06 -6.002418061661619311e-05
-8.488158009245246501e-10 -2.043040027703098873e-09 -1.577167887801227780e-08 -4.237925820632403873e-07 -8.221552648422485583e-07 1.230753593904368333e-07 -5.196711839564951579e-08 -1.961936281991644354e-06 -4.800732153293347524e-06 7.068796879225093278e-06 9.428503423191412344e-07 -7.572294833366912340e-06 2.610040042125439253e-05 3.552957809095029751e-05 -5.776738629169364433e-05 -8.326508448165189518e-05 -1.533522759267095864e-04 -2.353637847193649913e-05 4.442379748020995909e-05 8.501621027235359317e-05 4.147088677184345546e-04 5.906864819931618429e-04 7.573751785916418193e-04 -1.587045287490281833e-03 -2.008435540277215148e-03 9.982729155541999466e-01 -3.995552748097000451e-02 7.583053077804742005e-05 8.030817139369358926e-03 -7.706395848422027347e-05 -5.062514451633494221e-03 4.718521858618481371e-04 -6.744586182470909590e-04 -3.389523770073020296e-03 2.653350423411453968e-03 1.982164662677850437e-04 -9.996966078739877499e-05 2.042857525223631433e-03 1.083163656882242445e-03 -9.390159499250758221e-05 1.668654710940092975e-04 -7.240445288036117611e-04 4.823198241701521431e-04 -1.873844442598153167e-04 -1.343769080768607922e-04 2.028113337558939413e-04 6.424810011212754395e-05 1.100196693364710463e-04 -1.644884423331887043e-06 3.010673377630946430e-04 -9.824146788174693335e-05 1.014019807945817986e-05 9.648394701126646131e-05 1.896640732324457885e-05 1.808883819520081416e-04 1.364830820644066627e-04 -2.408605982833945274e-04 -2.486490144814027279e-05 -3.355731480077784310e-05 -6.828425534569026957e-05
