9.999999999842633658e-01 -3.774514853442719218e-11 -2.894741833452303694e-10 -7.712358370100396987e-09 -1.581304452490255028e-08 4.070952430232319319e-10 -2.306051810745234633e-10 2.805210513022125102e-06 1.457809719975824984e-06 -1.098734460107025390e-06 -1.949088736430843155e-09 8.338991437639321702e-07 -3.273893852771798468e-07 -3.035620972711937809e-07 1.505851985517618924e-07 8.186798755383678870e-08 1.192304008516927515e-07 3.934702107593765057e-10 -1.247370386503270548e-10 1.407932880285466693e-08 -5.342168511858075037e-08 -4.759379888857389576e-08 -3.387382175414492731e-08 8.605009012628605637e-09
-3.774514853442719218e-11 9.999999999094553171e-01 -6.944298797127754215e-10 -1.850350761072028059e-08 -3.794170487015801360e-08 9.781312569344302281e-10 -5.540788101339415171e-10 6.740104100240399074e-06 3.502788886883483604e-06 -2.640023880268348446e-06 -4.683235616632568386e-09 2.003619229227668427e-06 -7.866600358854456788e-07 -7.294141905568574295e-07 3.618092691574221623e-07 1.967178821479197959e-07 2.865002910436247657e-07 9.451871040808930976e-10 -2.993302582374838339e-10 3.381779312643271929e-08 -1.283456939327498506e-07 -1.143502062912096305e-07 -8.136180379991459317e-08 2.065555849314722191e-08
-2.894741833452303694e-10 -6.944298797127754215e-10 9.999999946739450696e-01 -1.419468260308794840e-07 -2.911093655544945979e-07 7.524812005006569396e-09 -4.262611336778419580e-09 5.185355940537446671e-05 2.694586581494828778e-05 -2.030915886333142350e-05 -3.602717358836839602e-08 1.541350109193897894e-05 -6.052077850486270554e-06 -5.611763374728680967e-06 2.783276280208159224e-06 1.513497230644479951e-06 2.204337548382596792e-06 7.267959123475132995e-09 -2.296997277784145794e-09 2.599971615959658937e-07 -9.871720933730891481e-07 -8.796144669980594253e-07 -6.255022954659051221e-07 1.586002234257100167e-07
-7.712358370100396987e-09 -1.850350761072028059e-08 -1.419468260308794840e-07 9.999962111658516895e-01 -7.783577739986569910e-06 2.048150259091835226e-07 -1.163135806031240962e-07 1.426513964955956632e-03 7.132197704791185108e-04 -5.350501217740285999e-04 -9.548527959066104172e-07 4.071855436388632137e-04 -1.592545160993137610e-04 -1.476499288537645152e-04 7.328310759314141012e-05 3.987867334716245824e-05 5.808579287234691673e-05 1.921993187973005739e-07 -6.081686434505353952e-08 6.816903282490518212e-06 -2.598054765152542879e-05 -2.318035475062213933e-05 -1.643384231674662553e-05 4.152274373279764962e-06
-1.581304452490255028e-08 -3.794170487015801360e-08 -2.911093655544945979e-07 -7.783577739986569910e-06 9.999839667160186352e-01 4.300789884371420363e-07 -2.456394338848585030e-07 3.068653272623857262e-03 1.402294580116695459e-03 -1.038269495053707097e-03 -1.884488984037398175e-06 7.893054914542597944e-04 -3.061283254118289058e-04 -2.836920783290270689e-04 1.409207050005202556e-04 7.671597492890679711e-05 1.117347219093566728e-04 3.765340092743095899e-07 -1.224501979429096269e-07 1.306422451356997237e-05 -4.996716804907592758e-05 -4.464762871399838539e-05 -3.160764646346118326e-05 8.006114136412053494e-06
4.070952430232319319e-10 9.781312569344302281e-10 7.524812005006569396e-09 2.048150259091835226e-07 4.300789884371420363e-07 9.999999858868794389e-01 8.173197226686628101e-09 -1.064571811403411985e-04 -3.850590404944479378e-05 2.692859987274025718e-05 5.141940825117899442e-08 -2.126952567591412673e-05 6.527229817500232255e-06 5.433613603229619894e-06 -3.819500418237226033e-06 -8.156657609706387407e-07 -4.270999076651690307e-07 -2.752040814569792826e-09 -1.383643008388908468e-08 -2.019476136133155420e-06 7.319857410211659646e-07 -1.060481200821200602e-06 1.423310683134721961e-06 1.713900969455314761e-06
-2.306051810745234633e-10 -5.540788101339415171e-10 -4.262611336778419580e-09 -1.163135806031240962e-07 -2.456394338848585030e-07 8.173197226686628101e-09 9.999999951963157718e-01 6.536862267802344320e-05 1.715132833244914544e-05 -1.158973792817595724e-05 -2.405152808298869589e-08 9.018335996938656754e-06 -2.706194616805316128e-06 -2.242671235499301448e-06 1.591570950737179771e-06 3.268431172546423616e-07 1.522598077358685050e-07 1.495186357252534072e-09 5.572331157670937872e-09 8.555936717866937373e-07 -2.994267048242404917e-07 4.619532517706305403e-07 -5.970809287025848470e-07 -7.291979735162881779e-07
2.805210513022125102e-06 6.740104100240399074e-06 5.185355940537446671e-05 1.426513964955956632e-03 3.068653272623857262e-03 -1.064571811403411985e-04 6.536862267802344320e-05 1.164941872304460143e-05 6.153018851721189352e-06 -4.712173107635228470e-06 8.727994400810228147e-05 3.065446603646084204e-06 -1.403764766709277963e-06 -1.330891981826638579e-06 6.268079646657269862e-07 4.164460393601340353e-07 6.190486836395891934e-07 -1.669570455219099796e-05 1.328548549678541724e-05 -2.690180840800853448e-08 -3.038357511992377582e-07 -3.961798133176348154e-07 -3.541089505227574894e-07 2.037328291160594258e-07
1.457809719975824984e-06 3.502788886883483604e-06 2.694586581494828778e-05 7.132197704791185108e-04 1.402294580116695459e-03 -3.850590404944479378e-05 1.715132833244914544e-05 6.153018851721189352e-06 6.780299865904850515e-06 -5.635772548455076337e-06 2.565487208380690825e-04 1.720861263924004414e-06 -1.970684772203395759e-06 -2.085438410543086789e-06 5.229079783744103068e-07 8.799984191850390333e-07 1.514344799585976583e-06 -2.869559511335922892e-05 2.179336082508606711e-05 -5.783237814690627163e-07 -6.200250762015712952e-07 -1.353513509480367656e-06 -5.068475411397476673e-07 1.144642928006633001e-06
-1.098734460107025390e-06 -2.640023880268348446e-06 -2.030915886333142350e-05 -5.350501217740285999e-04 -1.038269495053707097e-03 2.692859987274025718e-05 -1.158973792817595724e-05 -4.712173107635228470e-06 -5.635772548455076337e-06 6.492846002637599517e-06 -1.537873747551603233e-03 -7.747756767568399705e-07 1.523824386497528384e-06 1.655405057290569029e-06 -3.477306547719916458e-07 -7.301842595789974001e-07 -1.293528311521373003e-06 3.916999602362632567e-05 -3.036032349231314445e-05 6.461170508261468724e-07 4.224276071492212712e-07 1.147171818693353694e-06 2.239245763611888104e-07 -1.004383813607187851e-06
-1.949088736430843155e-09 -4.683235616632568386e-09 -3.602717358836839602e-08 -9.548527959066104172e-07 -1.884488984037398175e-06 5.141940825117899442e-08 -2.405152808298869589e-08 8.727994400810228147e-05 2.565487208380690825e-04 -1.537873747551603233e-03 9.999974054813203228e-01 -3.844399515948725989e-04 5.728719987895551153e-05 4.649159696805157640e-05 -2.997210113646977425e-05 -6.732631298133745185e-06 -4.050662488302978929e-06 6.138585270546920134e-08 -1.682124445525604810e-07 -1.519511948031708503e-05 5.794610861363062758e-06 -7.632322940944384520e-06 1.085312975904453738e-05 1.279914028625943329e-05
8.338991437639321702e-07 2.003619229227668427e-06 1.541350109193897894e-05 4.071855436388632137e-04 7.893054914542597944e-04 -2.126952567591412673e-05 9.018335996938656754e-06 3.065446603646084204e-06 1.720861263924004414e-06 -7.747756767568399705e-07 -3.844399515948725989e-04 9.939005042598771739e-07 -4.658533400065615921e-07 -4.468560905066311284e-07 2.584905430450313865e-07 1.769363123360064133e-07 2.522862445654584152e-07 -6.197977514668003549e-05 4.978581471453489546e-05 -2.064074588755493673e-07 -3.478778472346079705e-08 -2.143929148185570083e-07 -2.275919453955162409e-07 9.048653728327612322e-08
-3.273893852771798468e-07 -7.866600358854456788e-07 -6.052077850486270554e-06 -1.592545160993137610e-04 -3.061283254118289058e-04 6.527229817500232255e-06 -2.706194616805316128e-06 -1.403764766709277963e-06 -1.970684772203395759e-06 1.523824386497528384e-06 5.728719987895551153e-05 -4.658533400065615921e-07 7.111015841975049854e-07 7.929150639695348426e-07 -2.041111750636353287e-07 -3.958532097971637053e-07 -7.001639218402544338e-07 1.111276034105788496e-04 -8.785859074953801713e-05 7.160674204868767521e-07 -9.264316778666146284e-09 6.121160253134543208e-07 -2.916553737620969350e-09 -4.817755473175108397e-07
-3.035620972711937809e-07 -7.294141905568574295e-07 -5.611763374728680967e-06 -1.476499288537645152e-04 -2.836920783290270689e-04 5.433613603229619894e-06 -2.242671235499301448e-06 -1.330891981826638579e-06 -2.085438410543086789e-06 1.655405057290569029e-06 4.649159696805157640e-05 -4.468560905066311284e-07 7.929150639695348426e-07 8.986912644532521361e-07 -2.035220038829410547e-07 -4.554804010317367083e-07 -8.217786755474727063e-07 1.304082139204485369e-04 -1.026481078282899138e-04 8.763899114648566803e-07 -4.493707051484232502e-08 7.036987862930282671e-07 -9.616350418412153772e-08 -5.640166499955951788e-07
1.505851985517618924e-07 3.618092691574221623e-07 2.783276280208159224e-06 7.328310759314141012e-05 1.409207050005202556e-04 -3.819500418237226033e-06 1.591570950737179771e-06 6.268079646657269862e-07 5.229079783744103068e-07 -3.477306547719916458e-07 -2.997210113646977425e-05 2.584905430450313865e-07 -2.041111750636353287e-07 -2.035220038829410547e-07 5.692295151341308535e-07 3.152861889526743691e-07 3.549036014987230150e-07 -5.495649042797541572e-04 3.207439440443483523e-04 -1.440860122200848047e-06 5.824500600612718590e-07 -4.632964691678489774e-07 -5.200846329205307934e-07 9.618130153819298156e-08
8.186798755383678870e-08 1.967178821479197959e-07 1.513497230644479951e-06 3.987867334716245824e-05 7.671597492890679711e-05 -8.156657609706387407e-07 3.268431172546423616e-07 4.164460393601340353e-07 8.799984191850390333e-07 -7.301842595789974001e-07 -6.732631298133745185e-06 1.769363123360064133e-07 -3.958532097971637053e-07 -4.554804010317367083e-07 3.152861889526743691e-07 3.441985820686251962e-07 5.393852725981818832e-07 -3.329348313883791557e-04 1.656777641380448112e-04 -9.931522531845318346e-07 2.607054428572297874e-07 -5.136951563708250473e-07 -1.242163830090933140e-07 3.000836945417377396e-07
1.192304008516927515e-07 2.865002910436247657e-07 2.204337548382596792e-06 5.808579287234691673e-05 1.117347219093566728e-04 -4.270999076651690307e-07 1.522598077358685050e-07 6.190486836395891934e-07 1.514344799585976583e-06 -1.293528311521373003e-06 -4.050662488302978929e-06 2.522862445654584152e-07 -7.001639218402544338e-07 -8.217786755474727063e-07 3.549036014987230150e-07 5.393852725981818832e-07 9.178660940632902672e-07 -3.816379797563173009e-04 1.901222096920703823e-04 -1.338396785031030686e-06 2.548323925621635986e-07 -8.193852884763901104e-07 -2.734069046157756185e-08 5.318597979581090404e-07
3.934702107593765057e-10 9.451871040808930976e-10 7.267959123475132995e-09 1.921993187973005739e-07 3.765340092743095899e-07 -2.752040814569792826e-09 1.495186357252534072e-09 -1.669570455219099796e-05 -2.869559511335922892e-05 3.916999602362632567e-05 6.138585270546920134e-08 -6.197977514668003549e-05 1.111276034105788496e-04 1.304082139204485369e-04 -5.495649042797541572e-04 -3.329348313883791557e-04 -3.816379797563173009e-04 9.999980445145080221e-01 5.251659135190253489e-06 5.498572712870830256e-04 -2.835687161932323166e-04 1.735086812473867152e-04 -3.150391784562590783e-04 -3.173865801190494372e-04
-1.247370386503270548e-10 -2.993302582374838339e-10 -2.296997277784145794e-09 -6.081686434505353952e-08 -1.224501979429096269e-07 -1.383643008388908468e-08 5.572331157670937872e-09 1.328548549678541724e-05 2.179336082508606711e-05 -3.036032349231314445e-05 -1.682124445525604810e-07 4.978581471453489546e-05 -8.785859074953801713e-05 -1.026481078282899138e-04 3.207439440443483523e-04 1.656777641380448112e-04 1.901222096920703823e-04 5.251659135190253489e-06 9.999729946793627366e-01 -4.222052404021833794e-03 2.220726665180694070e-03 -6.378773642663777138e-04 7.115642301161455730e-04 6.548101877786324061e-04
1.407932880285466693e-08 3.381779312643271929e-08 2.599971615959658937e-07 6.816903282490518212e-06 1.306422451356997237e-05 -2.019476136133155420e-06 8.555936717866937373e-07 -2.690180840800853448e-08 -5.783237814690627163e-07 6.461170508261468724e-07 -1.519511948031708503e-05 -2.064074588755493673e-07 7.160674204868767521e-07 8.763899114648566803e-07 -1.440860122200848047e-06 -9.931522531845318346e-07 -1.338396785031030686e-06 5.498572712870830256e-04 -4.222052404021833794e-03 1.877097032252679357e-05 -9.882679610164485108e-06 2.939711817759301911e-06 -4.897778763770476495e-06 -3.943222064962420213e-06
-5.342168511858075037e-08 -1.283456939327498506e-07 -9.871720933730891481e-07 -2.598054765152542879e-05 -4.996716804907592758e-05 7.319857410211659646e-07 -2.994267048242404917e-07 -3.038357511992377582e-07 -6.200250762015712952e-07 4.224276071492212712e-07 5.794610861363062758e-06 -3.478778472346079705e-08 -9.264316778666146284e-09 -4.493707051484232502e-08 5.824500600612718590e-07 2.607054428572297874e-07 2.548323925621635986e-07 -2.835687161932323166e-04 2.220726665180694070e-03 -9.882679610164485108e-06 5.614587660950270296e-06 -1.033933959139383092e-06 3.553843514288080405e-06 2.099560153397740375e-06
-4.759379888857389576e-08 -1.143502062912096305e-07 -8.796144669980594253e-07 -2.318035475062213933e-05 -4.464762871399838539e-05 -1.060481200821200602e-06 4.619532517706305403e-07 -3.961798133176348154e-07 -1.353513509480367656e-06 1.147171818693353694e-06 -7.632322940944384520e-06 -2.143929148185570083e-07 6.121160253134543208e-07 7.036987862930282671e-07 -4.632964691678489774e-07 -5.136951563708250473e-07 -8.193852884763901104e-07 1.735086812473867152e-04 -6.378773642663777138e-04 2.939711817759301911e-06 -1.033933959139383092e-06 1.121810612572645049e-06 2.299596113158584744e-07 -7.722888594471154790e-07
-3.387382175414492731e-08 -8.136180379991459317e-08 -6.255022954659051221e-07 -1.643384231674662553e-05 -3.160764646346118326e-05 1.423310683134721961e-06 -5.970809287025848470e-07 -3.541089505227574894e-07 -5.068475411397476673e-07 2.239245763611888104e-07 1.085312975904453738e-05 -2.275919453955162409e-07 -2.916553737620969350e-09 -9.616350418412153772e-08 -5.200846329205307934e-07 -1.242163830090933140e-07 -2.734069046157756185e-08 -3.150391784562590783e-04 7.115642301161455730e-04 -4.897778763770476495e-06 3.553843514288080405e-06 2.299596113158584744e-07 7.757365290155344704e-06 3.882114868914758951e-06
8.605009012628605637e-09 2.065555849314722191e-08 1.586002234257100167e-07 4.152274373279764962e-06 8.006114136412053494e-06 1.713900969455314761e-06 -7.291979735162881779e-07 2.037328291160594258e-07 1.144642928006633001e-06 -1.004383813607187851e-06 1.279914028625943329e-05 9.048653728327612322e-08 -4.817755473175108397e-07 -5.640166499955951788e-07 9.618130153819298156e-08 3.000836945417377396e-07 5.318597979581090404e-07 -3.173865801190494372e-04 6.548101877786324061e-04 -3.943222064962420213e-06 2.099560153397740375e-06 -7.722888594471154790e-07 3.882114868914758951e-06 3.161550796234832433e-06
