9.999999997402391205e-01 -6.240538926266123497e-10 -4.802982515615508432e-09 1.362132113994273841e-05 7.491742801078649899e-06 -1.147132218358164887e-09 1.129577385405633475e-10 2.848174990997701277e-06 1.480222312218223717e-06 -1.115521344254358360e-06 -2.397333076490807539e-09 8.456384129184305230e-07 -3.325213237804184089e-07 -3.083947259613440782e-07 1.528994831733516751e-07 8.333193385598128438e-08
-6.240538926266123497e-10 9.999999985007456127e-01 -1.153901376094969272e-08 3.272981713726891203e-05 1.800097250655776707e-05 -2.756383299643189610e-09 2.714441325502257342e-10 6.843328404783951329e-06 3.556620632798146709e-06 -2.680349927501864840e-06 -5.760432854863010340e-09 2.031819232337117060e-06 -7.989948389341828008e-07 -7.410348862647803830e-07 3.673524338936469722e-07 2.002349673283628094e-07
-4.802982515615508432e-09 -1.153901376094969272e-08 9.999999111883844938e-01 2.520431900655104485e-04 1.384935588487692937e-04 -2.121807738957890071e-08 2.091408655242740518e-09 5.264790951380455387e-05 2.735992555548257758e-05 -2.061943827904505870e-05 -4.432099377704737082e-08 1.563045416731036893e-05 -6.147090624738436397e-06 -5.701357701619261485e-06 2.825676572843748617e-06 1.540566762853219719e-06
1.362132113994273841e-05 3.272981713726891203e-05 2.520431900655104485e-04 5.129559187427807388e-07 3.027298443789212228e-07 4.567054122427145594e-05 -1.127887486599734435e-05 2.501383033136486111e-08 1.286322092305477309e-07 -1.491330497783425012e-07 1.504612572890441263e-05 -2.862271867135684199e-09 -6.707401477604418146e-08 -8.279595442818889358e-08 -5.818251921830275198e-08 1.370471125534713940e-08
7.491742801078649899e-06 1.800097250655776707e-05 1.384935588487692937e-04 3.027298443789212228e-07 1.914774089541000945e-07 1.249237270198236391e-04 -2.575022074806098706e-05 4.298827752593579976e-09 7.688458420622125158e-08 -1.149215556292129609e-07 2.827548093356207489e-05 -1.217174080382936630e-08 -3.647688129462562215e-08 -4.573609982207472625e-08 -3.845272800387009314e-08 5.435684065920814773e-09
-1.147132218358164887e-09 -2.756383299643189610e-09 -2.121807738957890071e-08 4.567054122427145594e-05 1.249237270198236391e-04 9.999999683206014511e-01 1.185599791952606298e-08 -1.060103443900229655e-04 -3.829907124301829398e-05 2.677512459792408738e-05 4.693642471486917264e-08 -2.115278031041892395e-05 6.481887035753247150e-06 5.391573987812982171e-06 -3.798693681138840554e-06 -8.043134243345880330e-07
1.129577385405633475e-10 2.714441325502257342e-10 2.091408655242740518e-09 -1.127887486599734435e-05 -2.575022074806098706e-05 1.185599791952606298e-08 9.999999944211900305e-01 6.527446092279706670e-05 1.710769346800529325e-05 -1.155734402794007191e-05 -2.310343234409694450e-08 8.993676169503116629e-06 -2.696618312473102716e-06 -2.233789315083407331e-06 1.587191243481740165e-06 3.244492399807566484e-07
2.848174990997701277e-06 6.843328404783951329e-06 5.264790951380455387e-05 2.501383033136486111e-08 4.298827752593579976e-09 -1.060103443900229655e-04 6.527446092279706670e-05 2.713167745801295313e-08 3.415342081296665495e-08 -1.445989287362039670e-07 8.739654083769890025e-05 -2.774780387545090408e-08 -2.292458806300412826e-09 -4.261275867182896629e-09 1.202392009565472595e-08 9.474795105394026252e-09
1.480222312218223717e-06 3.556620632798146709e-06 2.735992555548257758e-05 1.286322092305477309e-07 7.688458420622125158e-08 -3.829907124301829398e-05 1.710769346800529325e-05 3.415342081296665495e-08 1.024044456122150669e-07 -4.316079295014037371e-07 2.566099813757562490e-04 -9.438134567689687451e-08 -9.051366916101200269e-09 -1.686437842668534239e-08 -4.963460878256411973e-10 1.492788714385404407e-08
-1.115521344254358360e-06 -2.680349927501864840e-06 -2.061943827904505870e-05 -1.491330497783425012e-07 -1.149215556292129609e-07 2.677512459792408738e-05 -1.155734402794007191e-05 -1.445989287362039670e-07 -4.316079295014037371e-07 2.403041660380225510e-06 -1.537919987671986085e-03 5.859959473268702209e-07 -6.170588564601926037e-08 -3.952439156885422416e-08 2.925291196139566845e-08 -1.222011658572056010e-08
-2.397333076490807539e-09 -5.760432854863010340e-09 -4.432099377704737082e-08 1.504612572890441263e-05 2.827548093356207489e-05 4.693642471486917264e-08 -2.310343234409694450e-08 8.739654083769890025e-05 2.566099813757562490e-04 -1.537919987671986085e-03 9.999974042943284847e-01 -3.844090367782937337e-04 5.727242147100556708e-05 4.647720214146266245e-05 -2.996672035836415313e-05 -6.728198544824221531e-06
8.456384129184305230e-07 2.031819232337117060e-06 1.563045416731036893e-05 -2.862271867135684199e-09 -1.217174080382936630e-08 -2.115278031041892395e-05 8.993676169503116629e-06 -2.774780387545090408e-08 -9.438134567689687451e-08 5.859959473268702209e-07 -3.844090367782937337e-04 1.568355761264906985e-07 -3.662193299178899210e-08 -3.496040330438079606e-08 7.266526917847086660e-08 3.845162616686527128e-08
-3.325213237804184089e-07 -7.989948389341828008e-07 -6.147090624738436397e-06 -6.707401477604418146e-08 -3.647688129462562215e-08 6.481887035753247150e-06 -2.696618312473102716e-06 -2.292458806300412826e-09 -9.051366916101200269e-09 -6.170588564601926037e-08 5.727242147100556708e-05 -3.662193299178899210e-08 3.857818061241172374e-08 4.474543409610943446e-08 -9.962586664240294119e-08 -6.489868324900348569e-08
-3.083947259613440782e-07 -7.410348862647803830e-07 -5.701357701619261485e-06 -8.279595442818889358e-08 -4.573609982207472625e-08 5.391573987812982171e-06 -2.233789315083407331e-06 -4.261275867182896629e-09 -1.686437842668534239e-08 -3.952439156885422416e-08 4.647720214146266245e-05 -3.496040330438079606e-08 4.474543409610943446e-08 5.237601072008777054e-08 -1.159574034587887289e-07 -7.629807112259203682e-08
1.528994831733516751e-07 3.673524338936469722e-07 2.825676572843748617e-06 -5.818251921830275198e-08 -3.845272800387009314e-08 -3.798693681138840554e-06 1.587191243481740165e-06 1.202392009565472595e-08 -4.963460878256411973e-10 2.925291196139566845e-08 -2.996672035836415313e-05 7.266526917847086660e-08 -9.962586664240294119e-08 -1.159574034587887289e-07 4.748666526565011390e-07 2.734661143606300064e-07
8.333193385598128438e-08 2.002349673283628094e-07 1.540566762853219719e-06 1.370471125534713940e-08 5.435684065920814773e-09 -8.043134243345880330e-07 3.244492399807566484e-07 9.474795105394026252e-09 1.492788714385404407e-08 -1.222011658572056010e-08 -6.728198544824221531e-06 3.845162616686527128e-08 -6.489868324900348569e-08 -7.629807112259203682e-08 2.734661143606300064e-07 1.635256929069752181e-07
