9.999999999831351571e-01 -4.042817133165894584e-11 -3.097035201287825511e-10 -8.272856069051639058e-09 -1.760124745180856445e-08 4.074891128512361728e-10 -2.307288548441773503e-10 2.805604692824853763e-06 1.459642828508522690e-06 -1.100143591768043214e-06 -1.951684150137070140e-09 8.341101137412306265e-07 -3.279103730089875548e-07 -3.040986536556335848e-07 1.507781291388405784e-07 8.211971977367404080e-08 1.196130272407194240e-07 3.972918615094971295e-10 -1.306621237630179528e-10 1.409763712519955447e-08
-4.042817133165894584e-11 9.999999999030765307e-01 -7.425459443131486292e-10 -1.984070712147052470e-08 -4.223312719971360946e-08 9.790676974577419701e-10 -5.543718030871935296e-10 6.741042430695831945e-06 3.507172582118118665e-06 -2.643399150996849418e-06 -4.689503092450640749e-09 2.004121207536442866e-06 -7.879148766644199214e-07 -7.307105459635283281e-07 3.622641383264308723e-07 1.973257967726139600e-07 2.874312407402158178e-07 9.557332307857769999e-10 -3.162438489383642171e-10 3.384278981204634693e-08
-3.097035201287825511e-10 -7.425459443131486292e-10 9.999999943106852029e-01 -1.521048864264871054e-07 -3.241111562769411475e-07 7.531877615326217363e-09 -4.264805603641640027e-09 5.186065285250744829e-05 2.697930938241003480e-05 -2.033499231058072279e-05 -3.607591109233106431e-08 1.541729255481412281e-05 -6.061787118302784838e-06 -5.621854257394050628e-06 2.786648693502844979e-06 1.518225324806546561e-06 2.211682061430231302e-06 7.369783078144478201e-09 -2.467698875214906612e-09 2.599036254389665783e-07
-8.272856069051639058e-09 -1.984070712147052470e-08 -1.521048864264871054e-07 9.999959092140914274e-01 -8.933318170240424515e-06 2.050200331744895343e-07 -1.163717110451155310e-07 1.426704257681935895e-03 7.141708600414005924e-04 -5.358020208473460297e-04 -9.564286113860276285e-07 4.072871915140683762e-04 -1.595580870208694797e-04 -1.479765863283347821e-04 7.336317652944706138e-05 4.003219919617091624e-05 5.834325197240557370e-05 1.996224031896542687e-07 -7.445501596869714881e-08 6.761917256041316918e-06
-1.760124745180856445e-08 -4.223312719971360946e-08 -3.241111562769411475e-07 -8.933318170240424515e-06 9.999776643997309034e-01 4.308807745278328224e-07 -2.458117105425529366e-07 3.069123072341721145e-03 1.404888225385043498e-03 -1.040430386878064264e-03 -1.890126213873245042e-06 7.895606667463192030e-04 -3.071235887864745117e-04 -2.848149969323386980e-04 1.410752221007728591e-04 7.725314601410003556e-05 1.127189933873510707e-04 4.305495114073825874e-07 -2.246206970744418309e-07 1.264620011544305819e-05
4.074891128512361728e-10 9.790676974577419701e-10 7.531877615326217363e-09 2.050200331744895343e-07 4.308807745278328224e-07 9.999999858867287816e-01 8.173240836883616702e-09 -1.064573040062272158e-04 -3.850646134938444284e-05 2.692902881946625230e-05 5.142021434003150535e-08 -2.126959219663061994e-05 6.527387870299706312e-06 5.433774829946360721e-06 -3.819564410590105085e-06 -8.157427068180712958e-07 -4.272141471348266087e-07 -2.753850119195700108e-09 -1.383344667959382550e-08 -2.019489790109533555e-06
-2.307288548441773503e-10 -5.543718030871935296e-10 -4.264805603641640027e-09 -1.163717110451155310e-07 -2.458117105425529366e-07 8.173240836883616702e-09 9.999999951963017830e-01 6.536866447013526084e-05 1.715150641939053186e-05 -1.158987057888280779e-05 -2.405173534893168640e-08 9.018358574478065176e-06 -2.706238243606769879e-06 -2.242713008431110020e-06 1.591594808406616205e-06 3.268628847165141527e-07 1.522843395443498011e-07 1.494536440832376913e-09 5.573751711005658144e-09 8.556103411384678005e-07
2.805604692824853763e-06 6.741042430695831945e-06 5.186065285250744829e-05 1.426704257681935895e-03 3.069123072341721145e-03 -1.064573040062272158e-04 6.536866447013526084e-05 1.149069933858405535e-05 5.394880472991314954e-06 -4.128329500118193074e-06 8.728105870552096068e-05 2.982156581862401462e-06 -1.185449150527585169e-06 -1.103194565925498860e-06 5.586086249542469718e-07 3.134753998020372975e-07 4.573096778275975675e-07 -1.669808926224707746e-05 1.328956804061526345e-05 -1.793023711113692838e-08
1.459642828508522690e-06 3.507172582118118665e-06 2.697930938241003480e-05 7.141708600414005924e-04 1.404888225385043498e-03 -3.850646134938444284e-05 1.715150641939053186e-05 5.394880472991314954e-06 2.708836905984805131e-06 -2.386117033248741990e-06 2.565556536870874775e-04 1.323559822684219521e-06 -6.092747371837056506e-07 -5.827480504426921026e-07 2.678186939921318573e-07 1.849045021163172316e-07 2.839401820162322336e-07 -2.872919839087699465e-05 2.185609083347313730e-05 -1.468103982150681142e-07
-1.100143591768043214e-06 -2.643399150996849418e-06 -2.033499231058072279e-05 -5.358020208473460297e-04 -1.040430386878064264e-03 2.692902881946625230e-05 -1.158987057888280779e-05 -4.128329500118193074e-06 -2.386117033248741990e-06 3.872130836055595219e-06 -1.537879513863678847e-03 -4.688359347993436976e-07 3.929166608133692718e-07 3.908107230020702733e-07 -1.692629447647698026e-07 -1.422093032433527382e-07 -2.275208609367590527e-07 3.920203297141566567e-05 -3.042059684021671098e-05 2.136294468636823492e-07
-1.951684150137070140e-09 -4.689503092450640749e-09 -3.607591109233106431e-08 -9.564286113860276285e-07 -1.890126213873245042e-06 5.142021434003150535e-08 -2.405173534893168640e-08 8.728105870552096068e-05 2.565556536870874775e-04 -1.537879513863678847e-03 9.999974054670418555e-01 -3.844393746001881999e-04 5.728450311781070744e-05 4.648848182743860376e-05 -2.997191652372134600e-05 -6.731187833801639861e-06 -4.047885808558709714e-06 6.150048192973881845e-08 -1.684311279184454665e-07 -1.519662328941577501e-05
8.341101137412306265e-07 2.004121207536442866e-06 1.541729255481412281e-05 4.072871915140683762e-04 7.895606667463192030e-04 -2.126959219663061994e-05 9.018358574478065176e-06 2.982156581862401462e-06 1.323559822684219521e-06 -4.688359347993436976e-07 -3.844393746001881999e-04 9.500222528730285433e-07 -3.514992694752707024e-07 -3.276804419678093023e-07 2.217948708042101511e-07 1.225678520491907587e-07 1.671084149460996538e-07 -6.198084481038032892e-05 4.978760411063695170e-05 -2.025640549539616426e-07
-3.279103730089875548e-07 -7.879148766644199214e-07 -6.061787118302784838e-06 -1.595580870208694797e-04 -3.071235887864745117e-04 6.527387870299706312e-06 -2.706238243606769879e-06 -1.185449150527585169e-06 -6.092747371837056506e-07 3.929166608133692718e-07 5.728450311781070744e-05 -3.514992694752707024e-07 1.830789169880417322e-07 1.831573012941842142e-07 -1.602926113640937075e-07 -1.088040943717128745e-07 -1.504486694552551057e-07 1.111472909130513099e-04 -8.789610881275580290e-05 4.265820890512017716e-07
-3.040986536556335848e-07 -7.307105459635283281e-07 -5.621854257394050628e-06 -1.479765863283347821e-04 -2.848149969323386980e-04 5.433774829946360721e-06 -2.242713008431110020e-06 -1.103194565925498860e-06 -5.827480504426921026e-07 3.908107230020702733e-07 4.648848182743860376e-05 -3.276804419678093023e-07 1.831573012941842142e-07 1.858284699185678662e-07 -1.709590154236788299e-07 -1.184851023101333229e-07 -1.637054460505912388e-07 1.304330104896293775e-04 -1.026955282771140754e-04 5.024717017582251444e-07
1.507781291388405784e-07 3.622641383264308723e-07 2.786648693502844979e-06 7.336317652944706138e-05 1.410752221007728591e-04 -3.819564410590105085e-06 1.591594808406616205e-06 5.586086249542469718e-07 2.678186939921318573e-07 -1.692629447647698026e-07 -2.997191652372134600e-05 2.217948708042101511e-07 -1.602926113640937075e-07 -1.709590154236788299e-07 5.245393255220294201e-07 3.005393903574795358e-07 3.540712557518829237e-07 -5.495613610893285280e-04 3.207368236057328895e-04 -1.500909957580516903e-06
8.211971977367404080e-08 1.973257967726139600e-07 1.518225324806546561e-06 4.003219919617091624e-05 7.725314601410003556e-05 -8.157427068180712958e-07 3.268628847165141527e-07 3.134753998020372975e-07 1.849045021163172316e-07 -1.422093032433527382e-07 -6.731187833801639861e-06 1.225678520491907587e-07 -1.088040943717128745e-07 -1.184851023101333229e-07 3.005393903574795358e-07 1.832052050289937865e-07 2.237345857152131153e-07 -3.329462807380786514e-04 1.656996725869307034e-04 -8.120301266525689327e-07
1.196130272407194240e-07 2.874312407402158178e-07 2.211682061430231302e-06 5.834325197240557370e-05 1.127189933873510707e-04 -4.272141471348266087e-07 1.522843395443498011e-07 4.573096778275975675e-07 2.839401820162322336e-07 -2.275208609367590527e-07 -4.047885808558709714e-06 1.671084149460996538e-07 -1.504486694552551057e-07 -1.637054460505912388e-07 3.540712557518829237e-07 2.237345857152131153e-07 2.804643627899565376e-07 -3.816631780943625213e-04 1.901706508558089219e-04 -9.331560058158006056e-07
3.972918615094971295e-10 9.557332307857769999e-10 7.369783078144478201e-09 1.996224031896542687e-07 4.305495114073825874e-07 -2.753850119195700108e-09 1.494536440832376913e-09 -1.669808926224707746e-05 -2.872919839087699465e-05 3.920203297141566567e-05 6.150048192973881845e-08 -6.198084481038032892e-05 1.111472909130513099e-04 1.304330104896293775e-04 -5.495613610893285280e-04 -3.329462807380786514e-04 -3.816631780943625213e-04 9.999980428945959288e-01 5.254790472777707771e-06 5.498779585894517877e-04
-1.306621237630179528e-10 -3.162438489383642171e-10 -2.467698875214906612e-09 -7.445501596869714881e-08 -2.246206970744418309e-07 -1.383344667959382550e-08 5.573751711005658144e-09 1.328956804061526345e-05 2.185609083347313730e-05 -3.042059684021671098e-05 -1.684311279184454665e-07 4.978760411063695170e-05 -8.789610881275580290e-05 -1.026955282771140754e-04 3.207368236057328895e-04 1.656996725869307034e-04 1.901706508558089219e-04 5.254790472777707771e-06 9.999729886242746391e-01 -4.222092595209032441e-03
1.409763712519955447e-08 3.384278981204634693e-08 2.599036254389665783e-07 6.761917256041316918e-06 1.264620011544305819e-05 -2.019489790109533555e-06 8.556103411384678005e-07 -1.793023711113692838e-08 -1.468103982150681142e-07 2.136294468636823492e-07 -1.519662328941577501e-05 -2.025640549539616426e-07 4.265820890512017716e-07 5.024717017582251444e-07 -1.500909957580516903e-06 -8.120301266525689327e-07 -9.331560058158006056e-07 5.498779585894517877e-04 -4.222092595209032441e-03 1.843100938204782238e-05
