9.999999999999068523e-01 -2.195222671707378329e-13 -1.679266925461069196e-12 -4.306103889397555941e-11 -8.173721648453187698e-11 7.408838654809244431e-13 -2.991593104881792330e-13 -2.088930043454005004e-10 -4.449714419237497751e-10 6.389488242167722381e-10 7.134863399891132144e-12 -9.593647895831494861e-10 2.511639738985560486e-09 3.484536183600295331e-09 1.409595204408398248e-07 6.659413182414924643e-08 9.276577693816913267e-08 8.107246643446471259e-11 1.660695013770444241e-10 2.093918309860011946e-08 -4.643148436875344051e-08 -3.226481602963165993e-08 -3.186445090408475662e-08 -4.437191392207542857e-11 3.536242051616952410e-09 -8.210265694146371914e-10 -1.695906419335202930e-08 8.485231972077162557e-10 1.402948372621784993e-08 1.550529905591180373e-11 -1.414954313165299515e-08 5.969553327269246919e-09 -1.072625970959208197e-08 -1.213338371341509117e-08 4.184239459778977021e-09 4.481319146972468632e-10 -2.656625732789805127e-10 6.119124224458025847e-09 -4.791143653199157401e-09 -4.894211472620790307e-11
-2.195222671707378329e-13 9.999999999994756417e-01 -4.025746942722120187e-12 -1.032554521328740274e-10 -1.960292271960912747e-10 1.780330265024570071e-12 -7.189040212350476555e-13 -5.007415568389126324e-10 -1.067821394341078109e-09 1.533719124865117121e-09 1.714219859019266656e-11 -2.299624253314155038e-09 6.036645450560301574e-09 8.380162621170518292e-09 3.387078658019302208e-07 1.601446294213198921e-07 2.231377181256740191e-07 1.950076293796969702e-10 3.986036035717160563e-10 5.023427006989544993e-08 -1.116024626366319260e-07 -7.765425735602386360e-08 -7.656121108840287413e-08 -5.002739452032618552e-11 8.432490418548146976e-09 -1.972765706561194837e-09 -4.073687972407405192e-08 2.038512637663456719e-09 3.368923055387649060e-08 3.784449950254428949e-11 -3.402720065833031377e-08 1.434577433893453024e-08 -2.578405988369048519e-08 -2.916492033033692457e-08 1.011158867577506226e-08 1.077322396905446913e-09 -6.368423258042778031e-10 1.473217722972247652e-08 -1.144699704593944292e-08 -1.194661370765693579e-10
-1.679266925461069196e-12 -4.025746942722120187e-12 9.999999999691734365e-01 -7.912196380808020462e-10 -1.502609060657039068e-09 1.369885487088474810e-11 -5.532097210530576899e-12 -3.834634140377151613e-09 -8.194968921235041482e-09 1.177653377498313547e-08 1.318605851454659073e-10 -1.760931803895218437e-08 4.646930040977093586e-08 6.458774491950117548e-08 2.605954628988674503e-06 1.234009196417602561e-06 1.720232603583032747e-06 1.503293659610960884e-09 3.060319978822592718e-09 3.853101352430681883e-07 -8.591441229986570588e-07 -5.993249190677668698e-07 -5.889768129529088364e-07 4.478901884935527922e-10 6.392422431096324097e-08 -1.517800301377397295e-08 -3.132327384721347741e-07 1.567903751950012915e-08 2.588837670079037231e-07 2.999807991965261034e-10 -2.622246275658390034e-07 1.103982940319962739e-07 -1.985284448327314431e-07 -2.245479631586818072e-07 7.866384858540996027e-08 8.296798588923873029e-09 -4.877140764545174295e-09 1.137823232887912245e-07 -8.708607901815186158e-08 -9.473011660001376115e-10
-4.306103889397555941e-11 -1.032554521328740274e-10 -7.912196380808020462e-10 9.999999796117922113e-01 -3.879133551862024502e-08 3.610236053076458837e-10 -1.458611027120699554e-10 -9.846430401091702889e-08 -2.130203294059282183e-07 3.070119111645215830e-07 3.469348899793768859e-09 -4.523850477100043204e-07 1.229035721377292286e-06 1.719815853162837897e-06 6.863429307595970768e-05 3.272927569490153730e-05 4.572064180808666655e-05 3.993926061424838277e-08 7.979644036711629840e-08 9.994321343578382250e-06 -2.268867617949995888e-05 -1.602777035341225985e-05 -1.550316287294821872e-05 1.187202957239413700e-07 1.558529067779764420e-06 -4.001876860184790386e-07 -8.231361152791830308e-06 4.127199297155090193e-07 6.780647905188676122e-06 9.159589300692914713e-09 -6.973413395858464086e-06 2.910113503252428370e-06 -5.247843382988797463e-06 -5.941903990184522836e-06 2.199703380566051223e-06 2.198386070552028489e-07 -1.252350985844085895e-07 3.061950160038916628e-06 -2.150548998221491560e-06 -2.910147867427704113e-08
-8.173721648453187698e-11 -1.960292271960912747e-10 -1.502609060657039068e-09 -3.879133551862024502e-08 9.999999261291953045e-01 6.937192074347500234e-10 -2.803369863873503697e-10 -1.870411173921800279e-07 -4.069810624996002517e-07 5.873583436708380880e-07 6.661789646135106432e-09 -8.600565957777481104e-07 2.367504576349155736e-06 3.323217079705274804e-06 1.318469196808649086e-04 6.300503114961012385e-05 8.805883670419344090e-05 7.692105068679458992e-08 1.527310603212963511e-07 1.908679162959922411e-05 -4.361732201871276721e-05 -3.095915141026732583e-05 -2.976975732443855869e-05 3.041193863868789591e-07 2.900624764691579385e-06 -7.695137721139767380e-07 -1.580404037109014445e-05 7.930521877904396749e-07 1.299984444628501653e-05 1.865810794052447193e-08 -1.345763208856594003e-05 5.590175612556467094e-06 -1.009270402316133334e-05 -1.144178504850312598e-05 4.338385088686648054e-06 4.235539429619438292e-07 -2.378158898689526093e-07 5.939719862530159948e-06 -4.005737477805770513e-06 -5.958196514080649802e-08
7.408838654809244431e-13 1.780330265024570071e-12 1.369885487088474810e-11 3.610236053076458837e-10 6.937192074347500234e-10 9.999999999546779206e-01 1.902917199613480929e-11 1.679429578600118668e-09 3.920195444391429206e-09 -5.713931017248619367e-09 -3.584907070490890807e-10 5.706542184272095265e-09 -2.221845944471465259e-08 -3.116033666507183101e-08 -3.634021299803318986e-06 -7.427474478226306234e-07 -3.342411694838502195e-07 4.043102265876521404e-09 -1.890158349326181058e-08 -1.992699205737811408e-06 6.767248513432700101e-07 -1.098000889822282069e-06 1.385126081574903854e-06 1.714183008628110738e-06 -1.819391573081288405e-06 1.166905806359689674e-07 2.207907190287090912e-06 -1.253611207149822497e-07 -1.882638943578633094e-06 -3.843806702301018735e-09 1.872038522456068809e-06 -6.644221572881390151e-08 -6.402384468325722778e-10 1.565228270220699429e-06 -1.214960273119961682e-06 -4.943747544886383245e-08 3.378520584098370912e-10 -1.021645881141680852e-06 -5.269004085524290492e-07 3.471473252651314298e-08
-2.991593104881792330e-13 -7.189040212350476555e-13 -5.532097210530576899e-12 -1.458611027120699554e-10 -2.803369863873503697e-10 1.902917199613480929e-11 9.999999999920063942e-01 -6.785583183899128353e-10 -1.585467836239231617e-09 2.311603473231718666e-09 1.502617181905939966e-10 -2.303197757962075970e-09 8.992270525210548248e-09 1.261028144186055896e-08 1.506344349085792077e-06 2.933166414991084202e-07 1.095001694155592861e-07 -1.741458239227972399e-09 7.989239017518224264e-09 8.429708685489737090e-07 -2.739306550355524730e-07 4.789575153258715022e-07 -5.793800726995188115e-07 -7.290569666787032516e-07 7.731684440945097669e-07 -4.925472815579496122e-08 -9.321742023390579297e-07 5.293750649732167898e-08 7.954203607172491765e-07 1.598796698868218485e-09 -7.886731917549311527e-07 2.656987452772570485e-08 3.486044882207570431e-09 -6.598904344864999917e-07 5.114779484479635840e-07 2.082515779365875753e-08 -1.504555851147016659e-10 4.300917147990426866e-07 2.221662042545616484e-07 -1.463126290967808253e-08
-2.088930043454005004e-10 -5.007415568389126324e-10 -3.834634140377151613e-09 -9.846430401091702889e-08 -1.870411173921800279e-07 1.679429578600118668e-09 -6.785583183899128353e-10 9.999995215327927012e-01 -1.021944061663062227e-06 1.469632277305369737e-06 1.617771039051045961e-08 -2.257658484780045096e-06 5.858592659045156872e-06 8.159102140088371878e-06 3.227461534965297258e-04 1.415529810637766880e-04 1.915015205998968860e-04 1.732510721189778118e-07 3.919143740729754401e-07 4.983131644685891495e-05 -1.049000988148600101e-04 -7.099219101416958365e-05 -7.261584906842640224e-05 -3.381143199067702090e-07 8.067564608827275903e-06 -1.863461523174529978e-06 -3.844735397469884944e-05 1.920848952665849643e-06 3.168723694782369033e-05 3.679811902506713067e-08 -3.218719153758221744e-05 1.359283115573335451e-05 -2.449396923636339686e-05 -2.747743245350866320e-05 9.767545775861775348e-06 1.016618803620827987e-06 -5.928939489830432892e-07 1.398155561807177486e-05 -1.047777472108290416e-05 -1.216258731774546424e-07
-4.449714419237497751e-10 -1.067821394341078109e-09 -8.194968921235041482e-09 -2.130203294059282183e-07 -4.069810624996002517e-07 3.920195444391429206e-09 -1.585467836239231617e-09 -1.021944061663062227e-06 9.999977302396876322e-01 3.292400251922425846e-06 3.757675157431312350e-08 -4.752191524596480775e-06 1.363596398544849345e-05 1.935872315130697031e-05 7.471586966557855133e-04 3.532773046291026362e-04 4.912004948431376167e-04 4.336503659960502055e-07 8.555744446764859914e-07 1.068289555522092862e-04 -2.449111866723241372e-04 -1.749271685132901689e-04 -1.670227477464667832e-04 2.438973025905816765e-06 1.511391337321354331e-05 -4.342889595039039761e-06 -8.879862019844629605e-05 4.463108964596966376e-06 7.265877833453039344e-05 1.229556047950097177e-07 -7.676797394956000429e-05 3.133732697756939814e-05 -5.678483883677739366e-05 -6.478546387041127729e-05 2.649470983921312238e-05 2.404336702995145071e-06 -1.286311347898735254e-06 3.441459212218019861e-05 -2.007757197413181276e-05 -4.056745308108390445e-07
6.389488242167722381e-10 1.533719124865117121e-09 1.177653377498313547e-08 3.070119111645215830e-07 5.873583436708380880e-07 -5.713931017248619367e-09 2.311603473231718666e-09 1.469632277305369737e-06 3.292400251922425846e-06 9.999952142224636242e-01 -5.473781876808686111e-08 6.863365527340233019e-06 -2.004069594910161246e-05 -2.858132824104340843e-05 -1.090954363863137636e-03 -5.144649710137470149e-04 -7.141078045347703596e-04 -6.340492135015514953e-07 -1.236655473778011938e-06 -1.546830218432751773e-04 3.548309109669819049e-04 2.539266819125786173e-04 2.418772863414525717e-04 -3.702330413222074042e-06 -2.147966271842462779e-05 6.308480924980592762e-06 1.288167655441062917e-04 -6.476407588904987306e-06 -1.052062393393606899e-04 -1.872167781299548291e-07 1.119278886427641927e-04 -4.533333410994712777e-05 8.224412591508374626e-05 9.420603454010028461e-05 -3.953988083870963827e-05 -3.500761092122859064e-06 1.840866634466629933e-06 -5.043619616064387682e-05 2.779905730092001675e-05 6.263824749643645888e-07
7.134863399891132144e-12 1.714219859019266656e-11 1.318605851454659073e-10 3.469348899793768859e-09 6.661789646135106432e-09 -3.584907070490890807e-10 1.502617181905939966e-10 1.617771039051045961e-08 3.757675157431312350e-08 -5.473781876808686111e-08 9.999999971394705200e-01 5.720961964836061681e-08 -2.147721104310301201e-07 -3.021199764409953959e-07 -3.081060734386386550e-05 -7.339186922937346738e-06 -5.012991056256470423e-06 2.794467199607412911e-08 -1.446465578008742235e-07 -1.529664262949756299e-05 6.124810195583212707e-06 -7.362252982292770714e-06 1.106871961827123543e-05 1.278735621532968031e-05 -1.363367053419599290e-05 8.938807277679309734e-07 1.692322994462290317e-05 -9.589529300507213735e-07 -1.440127757729647334e-05 -3.023932839500528737e-08 1.441312294137530189e-05 -6.273131751269563157e-07 2.393852396320509718e-07 1.203447550125742655e-05 -9.315792999956486902e-06 -3.816597819202130906e-07 5.272963388693011167e-09 -7.860509160281879587e-06 -3.957074087336248686e-06 2.647864795746406146e-07
-9.593647895831494861e-10 -2.299624253314155038e-09 -1.760931803895218437e-08 -4.523850477100043204e-07 -8.600565957777481104e-07 5.706542184272095265e-09 -2.303197757962075970e-09 -2.257658484780045096e-06 -4.752191524596480775e-06 6.863365527340233019e-06 5.720961964836061681e-08 9.999867378937676854e-01 2.969575014242647020e-05 4.192269455357725905e-05 1.273105278253779679e-03 1.703110052562077984e-04 -3.560185228018157435e-06 2.709214948481530025e-07 1.818888878251724385e-06 2.393417754510090533e-04 -3.660179753844997334e-04 -1.978644360807784905e-04 -2.680093830075865177e-04 -5.217018674416317501e-06 2.881062326674926018e-05 -6.414744084032830155e-06 -1.324726943958481559e-04 6.486404767642696719e-06 1.067220695677100308e-04 1.128379798328843050e-07 -1.101975788419124060e-04 5.051402240862680471e-05 -9.248767028332090983e-05 -9.231961697020564593e-05 3.323615609787567858e-05 3.480375298350081818e-06 -2.059371940340969295e-06 4.641686531309419946e-05 -3.477775924946013966e-05 -4.371670867366828785e-07
2.511639738985560486e-09 6.036645450560301574e-09 4.646930040977093586e-08 1.229035721377292286e-06 2.367504576349155736e-06 -2.221845944471465259e-08 8.992270525210548248e-09 5.858592659045156872e-06 1.363596398544849345e-05 -2.004069594910161246e-05 -2.147721104310301201e-07 2.969575014242647020e-05 9.999093739570589223e-01 -1.327895722210791873e-04 -4.572679372650339906e-03 -1.855527858326605365e-03 -2.390284196480244299e-03 -2.600516263877635975e-06 -4.249939651355082679e-06 -5.844913660762267576e-04 1.239999404224004405e-03 8.617496816526550897e-04 8.418228858764842479e-04 -1.512756797027391381e-05 -6.582664799493364747e-05 2.116534991864775622e-05 4.361481475178921878e-04 -2.148778277754184444e-05 -3.515314777781010239e-04 -6.550984075155127499e-07 3.819435234085305866e-04 -1.571315609635343558e-04 2.874251121852534441e-04 3.171799492993666609e-04 -1.403970849077200466e-04 -1.217678428798210791e-05 6.455594183135415414e-06 -1.710939209689126873e-04 8.404065679774322883e-05 2.393700271441526383e-06
3.484536183600295331e-09 8.380162621170518292e-09 6.458774491950117548e-08 1.719815853162837897e-06 3.323217079705274804e-06 -3.116033666507183101e-08 1.261028144186055896e-08 8.159102140088371878e-06 1.935872315130697031e-05 -2.858132824104340843e-05 -3.021199764409953959e-07 4.192269455357725905e-05 -1.327895722210791873e-04 9.998033423828005528e-01 -6.559213471382880148e-03 -2.636281681462231564e-03 -3.374118430681009688e-03 -3.857434633631288855e-06 -5.440651282833974606e-06 -7.782313687539485969e-04 1.664722013848837865e-03 1.166447566493074382e-03 1.120811372196020951e-03 -2.659819893365114639e-05 -7.983527036915666624e-05 2.777802904503058219e-05 5.751520644802047026e-04 -2.810869673840194396e-05 -4.619245320416044622e-04 -8.731923582202643300e-07 5.055604832115993732e-04 -2.091449075173757301e-04 3.834744513778173608e-04 4.181321096753824241e-04 -1.875170443357287195e-04 -1.630399583304253261e-05 8.761775953175401070e-06 -2.255963789872524419e-04 1.077058053028454173e-04 3.255680178374254206e-06
1.409595204408398248e-07 3.387078658019302208e-07 2.605954628988674503e-06 6.863429307595970768e-05 1.318469196808649086e-04 -3.634021299803318986e-06 1.506344349085792077e-06 3.227461534965297258e-04 7.471586966557855133e-04 -1.090954363863137636e-03 -3.081060734386386550e-05 1.273105278253779679e-03 -4.572679372650339906e-03 -6.559213471382880148e-03 6.934534462609943473e-05 3.873472723222289249e-05 5.628023578393917000e-05 -5.479748291921945165e-04 3.195320468101712206e-04 -9.057217814953825491e-07 -2.115599221712586444e-05 -2.539484370893422408e-05 -1.195497356239973890e-05 8.316655643573605270e-06 -7.680152651419585441e-06 -1.452021587801866542e-04 2.481290711932156520e-06 1.441227477503279650e-04 -1.116438385696747435e-05 2.507331585635345759e-05 -4.863599778117366735e-06 4.918303071428639975e-06 -1.098479568383586308e-05 -4.420272191333859176e-06 1.600088674407414054e-05 -9.588816177209000084e-05 1.140171578405837187e-04 -1.243784850518487821e-07 1.033088676876555761e-05 1.181868375656882325e-05
6.659413182414924643e-08 1.601446294213198921e-07 1.234009196417602561e-06 3.272927569490153730e-05 6.300503114961012385e-05 -7.427474478226306234e-07 2.933166414991084202e-07 1.415529810637766880e-04 3.532773046291026362e-04 -5.144649710137470149e-04 -7.339186922937346738e-06 1.703110052562077984e-04 -1.855527858326605365e-03 -2.636281681462231564e-03 3.873472723222289249e-05 1.495259845719371246e-04 2.789174049650721635e-04 -3.318635162880660141e-04 1.642709179349965661e-04 -9.821002803341069944e-05 -5.382661549873228612e-05 -1.586276477694014027e-04 1.156000607291038960e-05 1.026102265301341370e-04 -1.077385796565887780e-04 -7.922549398050698606e-05 8.006729899924477413e-05 8.149676876684751065e-05 -8.550093558196315705e-05 5.515356482364326724e-06 4.186891349103408357e-05 1.692145295147030637e-05 -4.603202666177930668e-05 5.447035978564242578e-05 1.241263890888462222e-05 -4.642689058141204824e-05 5.724479784715354744e-05 -1.876636281832091879e-05 6.672147692808929329e-05 -9.033348128841588715e-06
9.276577693816913267e-08 2.231377181256740191e-07 1.720232603583032747e-06 4.572064180808666655e-05 8.805883670419344090e-05 -3.342411694838502195e-07 1.095001694155592861e-07 1.915015205998968860e-04 4.912004948431376167e-04 -7.141078045347703596e-04 -5.012991056256470423e-06 -3.560185228018157435e-06 -2.390284196480244299e-03 -3.374118430681009688e-03 5.628023578393917000e-05 2.789174049650721635e-04 5.248930208917343236e-04 -3.799826871702342975e-04 1.877164504913067099e-04 -1.899878593130247852e-04 -9.855399929162564690e-05 -3.002180082604966613e-04 2.626121725573934694e-05 1.968153977266173793e-04 -2.067509892287786824e-04 -1.007258587156226794e-04 1.552206974039074046e-04 1.067186504743602516e-04 -1.623888752990446072e-04 1.272137801590627946e-08 8.479131376931977975e-05 3.075438574490206193e-05 -8.456360427384287416e-05 1.087032968954903492e-04 1.494750198086395965e-05 -5.635753187726104781e-05 7.141746404406659776e-05 -4.017397318469498329e-05 1.215138095936451755e-04 -2.322040994599457129e-05
8.107246643446471259e-11 1.950076293796969702e-10 1.503293659610960884e-09 3.993926061424838277e-08 7.692105068679458992e-08 4.043102265876521404e-09 -1.741458239227972399e-09 1.732510721189778118e-07 4.336503659960502055e-07 -6.340492135015514953e-07 2.794467199607412911e-08 2.709214948481530025e-07 -2.600516263877635975e-06 -3.857434633631288855e-06 -5.479748291921945165e-04 -3.318635162880660141e-04 -3.799826871702342975e-04 9.999980838171249609e-01 5.220506367918202504e-06 5.497078698687157686e-04 -2.841407585566058211e-04 1.726989803692939032e-04 -3.152603533772496496e-04 -3.170247170148887119e-04 3.322208639853579623e-04 -2.231959977389789268e-05 -4.203629031795739070e-04 2.359805213883162296e-05 3.511876479688616015e-04 8.120559554844671890e-07 -3.599722382424589253e-04 2.022106568332749890e-05 -1.719592550194009735e-05 -2.963795573778143025e-04 2.358949148944640634e-04 9.404940754930289268e-06 1.118607240025082792e-07 1.970354390426980575e-04 1.020154150880784027e-04 -6.691591875413733117e-06
1.660695013770444241e-10 3.986036035717160563e-10 3.060319978822592718e-09 7.979644036711629840e-08 1.527310603212963511e-07 -1.890158349326181058e-08 7.989239017518224264e-09 3.919143740729754401e-07 8.555744446764859914e-07 -1.236655473778011938e-06 -1.446465578008742235e-07 1.818888878251724385e-06 -4.249939651355082679e-06 -5.440651282833974606e-06 3.195320468101712206e-04 1.642709179349965661e-04 1.877164504913067099e-04 5.220506367918202504e-06 9.999730224031894155e-01 -4.221472123897547155e-03 2.221362285685847104e-03 -6.365726975825129839e-04 7.116425495177147124e-04 6.540595081041377778e-04 -6.612873407345540560e-04 4.047572781119119866e-05 8.064520664241467103e-04 -4.227818635484261291e-05 -6.606222430120904090e-04 -1.014667579991214497e-06 6.785569917135338570e-04 -4.320094993522265913e-05 4.450104147855757423e-05 5.522523802574425423e-04 -4.438209251648488540e-04 -1.876783209712282822e-05 1.039451390708348686e-06 -3.685751006125169622e-04 -1.921899216607836347e-04 1.281178648494275401e-05
2.093918309860011946e-08 5.023427006989544993e-08 3.853101352430681883e-07 9.994321343578382250e-06 1.908679162959922411e-05 -1.992699205737811408e-06 8.429708685489737090e-07 4.983131644685891495e-05 1.068289555522092862e-04 -1.546830218432751773e-04 -1.529664262949756299e-05 2.393417754510090533e-04 -5.844913660762267576e-04 -7.782313687539485969e-04 -9.057217814953825491e-07 -9.821002803341069944e-05 -1.899878593130247852e-04 5.497078698687157686e-04 -4.221472123897547155e-03 9.451776007012903120e-05 2.218776803907207169e-05 1.140506275368757832e-04 -1.992291729698996672e-05 -8.018315128580423849e-05 8.466333748908192716e-05 -3.410377572341932988e-04 -5.840782256861809665e-05 2.939145654966145876e-04 4.490604854171512177e-05 9.617253148839088222e-05 -4.000502229566196719e-05 -9.485668126914824675e-06 2.747320563779731363e-05 -5.218162666195884331e-05 1.598660208251235848e-05 -1.479498772009341806e-04 1.551899177620479932e-04 1.266975562918061378e-05 -4.007706214416672770e-05 5.753968108493022710e-05
-4.643148436875344051e-08 -1.116024626366319260e-07 -8.591441229986570588e-07 -2.268867617949995888e-05 -4.361732201871276721e-05 6.767248513432700101e-07 -2.739306550355524730e-07 -1.049000988148600101e-04 -2.449111866723241372e-04 3.548309109669819049e-04 6.124810195583212707e-06 -3.660179753844997334e-04 1.239999404224004405e-03 1.664722013848837865e-03 -2.115599221712586444e-05 -5.382661549873228612e-05 -9.855399929162564690e-05 -2.841407585566058211e-04 2.221362285685847104e-03 2.218776803907207169e-05 2.645714240362431421e-05 5.467913149052371302e-05 1.357891042672623847e-06 -3.303823408805492743e-05 3.434693453357270563e-05 3.224958004017500950e-04 -3.041421328614662842e-05 -3.230899395872304848e-04 4.723016788030725790e-05 -3.740223231924246232e-05 -9.693965790268446397e-06 -7.736194463087810709e-06 2.007277124331167370e-05 -1.015348550367248306e-05 -2.577100701933239901e-05 2.185344055607475744e-04 -2.662266840120641612e-04 1.707673160812584433e-05 -2.529940863610893517e-05 -1.285735920809109518e-05
-3.226481602963165993e-08 -7.765425735602386360e-08 -5.993249190677668698e-07 -1.602777035341225985e-05 -3.095915141026732583e-05 -1.098000889822282069e-06 4.789575153258715022e-07 -7.099219101416958365e-05 -1.749271685132901689e-04 2.539266819125786173e-04 -7.362252982292770714e-06 -1.978644360807784905e-04 8.617496816526550897e-04 1.166447566493074382e-03 -2.539484370893422408e-05 -1.586276477694014027e-04 -3.002180082604966613e-04 1.726989803692939032e-04 -6.365726975825129839e-04 1.140506275368757832e-04 5.467913149052371302e-05 1.746243175359213991e-04 -1.649345146851363851e-05 -1.158909389409675417e-04 1.219118134586920404e-04 5.520591918976671167e-05 -9.079860806612934305e-05 -1.075800168498281157e-04 9.880905006726596162e-05 5.397684700246936857e-05 -4.716015611382250107e-05 -1.908297206968072510e-05 5.201603662507195110e-05 -5.977287626361120108e-05 -2.067232146336643226e-05 1.314969853754918846e-04 -1.872524958141527304e-04 2.939101881612182448e-05 -7.315109855788164161e-05 4.205370242645150279e-05
-3.186445090408475662e-08 -7.656121108840287413e-08 -5.889768129529088364e-07 -1.550316287294821872e-05 -2.976975732443855869e-05 1.385126081574903854e-06 -5.793800726995188115e-07 -7.261584906842640224e-05 -1.670227477464667832e-04 2.418772863414525717e-04 1.106871961827123543e-05 -2.680093830075865177e-04 8.418228858764842479e-04 1.120811372196020951e-03 -1.195497356239973890e-05 1.156000607291038960e-05 2.626121725573934694e-05 -3.152603533772496496e-04 7.116425495177147124e-04 -1.992291729698996672e-05 1.357891042672623847e-06 -1.649345146851363851e-05 1.392709988044834260e-05 1.756613116983397438e-05 -1.994467450708747625e-05 1.639005153033916721e-03 -2.626392877050975563e-05 -1.341678548437428078e-03 8.278085280251739589e-05 -2.671029010563211550e-04 8.480652595082433304e-06 -2.566428667070717955e-06 5.803476160498950182e-06 2.608097542436367745e-05 -6.225888332407706347e-05 6.554959913781667046e-04 -7.477034950904579494e-04 3.386769242830554280e-05 -4.286997325221592320e-07 -1.151726199119479746e-04
-4.437191392207542857e-11 -5.002739452032618552e-11 4.478901884935527922e-10 1.187202957239413700e-07 3.041193863868789591e-07 1.714183008628110738e-06 -7.290569666787032516e-07 -3.381143199067702090e-07 2.438973025905816765e-06 -3.702330413222074042e-06 1.278735621532968031e-05 -5.217018674416317501e-06 -1.512756797027391381e-05 -2.659819893365114639e-05 8.316655643573605270e-06 1.026102265301341370e-04 1.968153977266173793e-04 -3.170247170148887119e-04 6.540595081041377778e-04 -8.018315128580423849e-05 -3.303823408805492743e-05 -1.158909389409675417e-04 1.756613116983397438e-05 8.143087487428727126e-05 -8.677611469528579108e-05 1.171917515261140146e-03 3.004046730187387676e-05 -8.027266270747183486e-04 -3.522446537049122912e-06 -3.265234943739710725e-04 2.478637111567832168e-05 1.251824416633847201e-05 -3.331012759285291382e-05 4.228303692761453903e-05 -4.895699219435794438e-06 1.994276500669593687e-04 -1.465908297042482495e-04 1.498225128127295710e-06 5.068940381848042657e-05 -1.456293681823593947e-04
3.536242051616952410e-09 8.432490418548146976e-09 6.392422431096324097e-08 1.558529067779764420e-06 2.900624764691579385e-06 -1.819391573081288405e-06 7.731684440945097669e-07 8.067564608827275903e-06 1.511391337321354331e-05 -2.147966271842462779e-05 -1.363367053419599290e-05 2.881062326674926018e-05 -6.582664799493364747e-05 -7.983527036915666624e-05 -7.680152651419585441e-06 -1.077385796565887780e-04 -2.067509892287786824e-04 3.322208639853579623e-04 -6.612873407345540560e-04 8.466333748908192716e-05 3.434693453357270563e-05 1.219118134586920404e-04 -1.994467450708747625e-05 -8.677611469528579108e-05 9.327945264807868642e-05 -1.924213812896980770e-03 -9.207490939571400586e-06 1.234109965849365057e-03 -2.731053746404406946e-05 4.643641995344751391e-04 -1.745922090805478830e-05 -1.430514145838395314e-05 3.709615373341603085e-05 -4.043202273511855172e-05 3.615517244888055838e-06 -2.962203734395924340e-04 2.310213103455080637e-04 -1.484882530481186448e-05 -6.065949289661335910e-05 1.918795237118007299e-04
-8.210265694146371914e-10 -1.972765706561194837e-09 -1.517800301377397295e-08 -4.001876860184790386e-07 -7.695137721139767380e-07 1.166905806359689674e-07 -4.925472815579496122e-08 -1.863461523174529978e-06 -4.342889595039039761e-06 6.308480924980592762e-06 8.938807277679309734e-07 -6.414744084032830155e-06 2.116534991864775622e-05 2.777802904503058219e-05 -1.452021587801866542e-04 -7.922549398050698606e-05 -1.007258587156226794e-04 -2.231959977389789268e-05 4.047572781119119866e-05 -3.410377572341932988e-04 3.224958004017500950e-04 5.520591918976671167e-05 1.639005153033916721e-03 1.171917515261140146e-03 -1.924213812896980770e-03 9.982602734220169527e-01 -4.010836808013291260e-02 8.570574047097786195e-05 8.133192493338117779e-03 -7.574364640718374395e-05 -5.159570587642602589e-03 4.779646961808787261e-04 -6.817356970136307769e-04 -3.464147033638045360e-03 2.708077045727126219e-03 1.995946972843826454e-04 -9.924076501639179297e-05 2.089234816043580075e-03 1.103988369028063507e-03 -9.491414041572508774e-05
-1.695906419335202930e-08 -4.073687972407405192e-08 -3.132327384721347741e-07 -8.231361152791830308e-06 -1.580404037109014445e-05 2.207907190287090912e-06 -9.321742023390579297e-07 -3.844735397469884944e-05 -8.879862019844629605e-05 1.288167655441062917e-04 1.692322994462290317e-05 -1.324726943958481559e-04 4.361481475178921878e-04 5.751520644802047026e-04 2.481290711932156520e-06 8.006729899924477413e-05 1.552206974039074046e-04 -4.203629031795739070e-04 8.064520664241467103e-04 -5.840782256861809665e-05 -3.041421328614662842e-05 -9.079860806612934305e-05 -2.626392877050975563e-05 3.004046730187387676e-05 -9.207490939571400586e-06 -4.010836808013291260e-02 1.877203589855533806e-03 -1.382280070759478105e-02 5.198310390686642149e-04 -2.193199928267920706e-03 1.424126054797336975e-04 -7.173952822782204023e-06 5.104981132844380880e-06 1.692024184666173392e-04 -2.241723255331436486e-04 2.032098202666711081e-03 -2.099791588795110048e-03 7.796711349011957199e-05 2.221331760610967141e-05 -5.557588767614563517e-04
8.485231972077162557e-10 2.038512637663456719e-09 1.567903751950012915e-08 4.127199297155090193e-07 7.930521877904396749e-07 -1.253611207149822497e-07 5.293750649732167898e-08 1.920848952665849643e-06 4.463108964596966376e-06 -6.476407588904987306e-06 -9.589529300507213735e-07 6.486404767642696719e-06 -2.148778277754184444e-05 -2.810869673840194396e-05 1.441227477503279650e-04 8.149676876684751065e-05 1.067186504743602516e-04 2.359805213883162296e-05 -4.227818635484261291e-05 2.939145654966145876e-04 -3.230899395872304848e-04 -1.075800168498281157e-04 -1.341678548437428078e-03 -8.027266270747183486e-04 1.234109965849365057e-03 8.570574047097786195e-05 -1.382280070759478105e-02 9.951753147458329840e-01 -6.670641299375404398e-02 2.159967350148909483e-04 9.567150199462368457e-03 -9.902940231669087826e-04 1.480057732615862841e-03 5.451651500746629124e-03 -4.119001363077508769e-03 -3.081333701864147649e-04 1.567935830446598488e-04 -3.031245749634654384e-03 -1.608042454922955274e-03 1.411251108763792871e-04
1.402948372621784993e-08 3.368923055387649060e-08 2.588837670079037231e-07 6.780647905188676122e-06 1.299984444628501653e-05 -1.882638943578633094e-06 7.954203607172491765e-07 3.168723694782369033e-05 7.265877833453039344e-05 -1.052062393393606899e-04 -1.440127757729647334e-05 1.067220695677100308e-04 -3.515314777781010239e-04 -4.619245320416044622e-04 -1.116438385696747435e-05 -8.550093558196315705e-05 -1.623888752990446072e-04 3.511876479688616015e-04 -6.606222430120904090e-04 4.490604854171512177e-05 4.723016788030725790e-05 9.880905006726596162e-05 8.278085280251739589e-05 -3.522446537049122912e-06 -2.731053746404406946e-05 8.133192493338117779e-03 5.198310390686642149e-04 -6.670641299375404398e-02 4.632869223322779936e-03 5.048362466726447235e-03 -7.332519347833709117e-04 7.040651476321931751e-05 -1.004764308181685118e-04 -4.980651876798375009e-04 4.832873171660866302e-04 -2.437032166934625411e-03 2.458158475344133630e-03 5.300793085400583754e-05 5.012381639796989203e-05 6.883020268803861658e-04
1.550529905591180373e-11 3.784449950254428949e-11 2.999807991965261034e-10 9.159589300692914713e-09 1.865810794052447193e-08 -3.843806702301018735e-09 1.598796698868218485e-09 3.679811902506713067e-08 1.229556047950097177e-07 -1.872167781299548291e-07 -3.023932839500528737e-08 1.128379798328843050e-07 -6.550984075155127499e-07 -8.731923582202643300e-07 2.507331585635345759e-05 5.515356482364326724e-06 1.272137801590627946e-08 8.120559554844671890e-07 -1.014667579991214497e-06 9.617253148839088222e-05 -3.740223231924246232e-05 5.397684700246936857e-05 -2.671029010563211550e-04 -3.265234943739710725e-04 4.643641995344751391e-04 -7.574364640718374395e-05 -2.193199928267920706e-03 2.159967350148909483e-04 5.048362466726447235e-03 9.999137101295906271e-01 6.608523786299897416e-03 -2.654315446006983597e-04 1.048580230611137330e-04 2.663480861681203574e-03 -1.640074248962647852e-03 -8.044143650439894888e-05 2.293521513893863605e-05 -1.149039462907801637e-03 -5.667930108430429409e-04 3.897828074848577089e-05
-1.414954313165299515e-08 -3.402720065833031377e-08 -2.622246275658390034e-07 -6.973413395858464086e-06 -1.345763208856594003e-05 1.872038522456068809e-06 -7.886731917549311527e-07 -3.218719153758221744e-05 -7.676797394956000429e-05 1.119278886427641927e-04 1.441312294137530189e-05 -1.101975788419124060e-04 3.819435234085305866e-04 5.055604832115993732e-04 -4.863599778117366735e-06 4.186891349103408357e-05 8.479131376931977975e-05 -3.599722382424589253e-04 6.785569917135338570e-04 -4.000502229566196719e-05 -9.693965790268446397e-06 -4.716015611382250107e-05 8.480652595082433304e-06 2.478637111567832168e-05 -1.745922090805478830e-05 -5.159570587642602589e-03 1.424126054797336975e-04 9.567150199462368457e-03 -7.332519347833709117e-04 6.608523786299897416e-03 3.477336729636711435e-04 -4.560673215691143635e-05 8.167956882585551985e-05 3.551743217198315324e-04 -6.589593635850227431e-04 7.135841111546298646e-03 -7.305947672390673657e-03 4.308527281141926509e-04 5.149219453401237390e-05 -1.395252441517864841e-03
5.969553327269246919e-09 1.434577433893453024e-08 1.103982940319962739e-07 2.910113503252428370e-06 5.590175612556467094e-06 -6.644221572881390151e-08 2.656987452772570485e-08 1.359283115573335451e-05 3.133732697756939814e-05 -4.533333410994712777e-05 -6.273131751269563157e-07 5.051402240862680471e-05 -1.571315609635343558e-04 -2.091449075173757301e-04 4.918303071428639975e-06 1.692145295147030637e-05 3.075438574490206193e-05 2.022106568332749890e-05 -4.320094993522265913e-05 -9.485668126914824675e-06 -7.736194463087810709e-06 -1.908297206968072510e-05 -2.566428667070717955e-06 1.251824416633847201e-05 -1.430514145838395314e-05 4.779646961808787261e-04 -7.173952822782204023e-06 -9.902940231669087826e-04 7.040651476321931751e-05 -2.654315446006983597e-04 -4.560673215691143635e-05 1.290779517044818414e-05 -2.795638895368074742e-05 -5.125512545481619600e-05 1.254675872059596211e-04 -1.165068056846652609e-03 1.340445254336702528e-03 -6.328129691704355677e-05 1.763054440661493443e-05 6.826628531049060578e-05
-1.072625970959208197e-08 -2.578405988369048519e-08 -1.985284448327314431e-07 -5.247843382988797463e-06 -1.009270402316133334e-05 -6.402384468325722778e-10 3.486044882207570431e-09 -2.449396923636339686e-05 -5.678483883677739366e-05 8.224412591508374626e-05 2.393852396320509718e-07 -9.248767028332090983e-05 2.874251121852534441e-04 3.834744513778173608e-04 -1.098479568383586308e-05 -4.603202666177930668e-05 -8.456360427384287416e-05 -1.719592550194009735e-05 4.450104147855757423e-05 2.747320563779731363e-05 2.007277124331167370e-05 5.201603662507195110e-05 5.803476160498950182e-06 -3.331012759285291382e-05 3.709615373341603085e-05 -6.817356970136307769e-04 5.104981132844380880e-06 1.480057732615862841e-03 -1.004764308181685118e-04 1.048580230611137330e-04 8.167956882585551985e-05 -2.795638895368074742e-05 6.221144525681907684e-05 9.549563887590274886e-05 -2.544378523761205223e-04 2.284964981392967331e-03 -2.699165062990966941e-03 1.212824603905133055e-04 -4.797554500506377110e-05 -4.040914333200957653e-05
-1.213338371341509117e-08 -2.916492033033692457e-08 -2.245479631586818072e-07 -5.941903990184522836e-06 -1.144178504850312598e-05 1.565228270220699429e-06 -6.598904344864999917e-07 -2.747743245350866320e-05 -6.478546387041127729e-05 9.420603454010028461e-05 1.203447550125742655e-05 -9.231961697020564593e-05 3.171799492993666609e-04 4.181321096753824241e-04 -4.420272191333859176e-06 5.447035978564242578e-05 1.087032968954903492e-04 -2.963795573778143025e-04 5.522523802574425423e-04 -5.218162666195884331e-05 -1.015348550367248306e-05 -5.977287626361120108e-05 2.608097542436367745e-05 4.228303692761453903e-05 -4.043202273511855172e-05 -3.464147033638045360e-03 1.692024184666173392e-04 5.451651500746629124e-03 -4.980651876798375009e-04 2.663480861681203574e-03 3.551743217198315324e-04 -5.125512545481619600e-05 9.549563887590274886e-05 4.567355844498407341e-04 -9.791490073564643008e-04 1.279012442481000308e-02 -1.197926713141425972e-02 8.889715213428312206e-04 2.077293919772214088e-04 -2.158378940285448321e-03
4.184239459778977021e-09 1.011158867577506226e-08 7.866384858540996027e-08 2.199703380566051223e-06 4.338385088686648054e-06 -1.214960273119961682e-06 5.114779484479635840e-07 9.767545775861775348e-06 2.649470983921312238e-05 -3.953988083870963827e-05 -9.315792999956486902e-06 3.323615609787567858e-05 -1.403970849077200466e-04 -1.875170443357287195e-04 1.600088674407414054e-05 1.241263890888462222e-05 1.494750198086395965e-05 2.358949148944640634e-04 -4.438209251648488540e-04 1.598660208251235848e-05 -2.577100701933239901e-05 -2.067232146336643226e-05 -6.225888332407706347e-05 -4.895699219435794438e-06 3.615517244888055838e-06 2.708077045727126219e-03 -2.241723255331436486e-04 -4.119001363077508769e-03 4.832873171660866302e-04 -1.640074248962647852e-03 -6.589593635850227431e-04 1.254675872059596211e-04 -2.544378523761205223e-04 -9.791490073564643008e-04 2.436288359832223908e-03 -3.689022717742430207e-02 2.805908138542292235e-02 -2.463828656701797046e-03 -6.352193007294151296e-04 3.083750896317421879e-03
4.481319146972468632e-10 1.077322396905446913e-09 8.296798588923873029e-09 2.198386070552028489e-07 4.235539429619438292e-07 -4.943747544886383245e-08 2.082515779365875753e-08 1.016618803620827987e-06 2.404336702995145071e-06 -3.500761092122859064e-06 -3.816597819202130906e-07 3.480375298350081818e-06 -1.217678428798210791e-05 -1.630399583304253261e-05 -9.588816177209000084e-05 -4.642689058141204824e-05 -5.635753187726104781e-05 9.404940754930289268e-06 -1.876783209712282822e-05 -1.479498772009341806e-04 2.185344055607475744e-04 1.314969853754918846e-04 6.554959913781667046e-04 1.994276500669593687e-04 -2.962203734395924340e-04 1.995946972843826454e-04 2.032098202666711081e-03 -3.081333701864147649e-04 -2.437032166934625411e-03 -8.044143650439894888e-05 7.135841111546298646e-03 -1.165068056846652609e-03 2.284964981392967331e-03 1.279012442481000308e-02 -3.689022717742430207e-02 9.972864438237968310e-01 3.452689680596134677e-03 2.998220407029021650e-02 1.201229736009280964e-02 -4.351600376977686545e-04
-2.656625732789805127e-10 -6.368423258042778031e-10 -4.877140764545174295e-09 -1.252350985844085895e-07 -2.378158898689526093e-07 3.378520584098370912e-10 -1.504555851147016659e-10 -5.928939489830432892e-07 -1.286311347898735254e-06 1.840866634466629933e-06 5.272963388693011167e-09 -2.059371940340969295e-06 6.455594183135415414e-06 8.761775953175401070e-06 1.140171578405837187e-04 5.724479784715354744e-05 7.141746404406659776e-05 1.118607240025082792e-07 1.039451390708348686e-06 1.551899177620479932e-04 -2.662266840120641612e-04 -1.872524958141527304e-04 -7.477034950904579494e-04 -1.465908297042482495e-04 2.310213103455080637e-04 -9.924076501639179297e-05 -2.099791588795110048e-03 1.567935830446598488e-04 2.458158475344133630e-03 2.293521513893863605e-05 -7.305947672390673657e-03 1.340445254336702528e-03 -2.699165062990966941e-03 -1.197926713141425972e-02 2.805908138542292235e-02 3.452689680596134677e-03 9.946595357811606197e-01 -6.140502316631916285e-02 -1.996535932150741641e-02 9.935149046438021721e-04
6.119124224458025847e-09 1.473217722972247652e-08 1.137823232887912245e-07 3.061950160038916628e-06 5.939719862530159948e-06 -1.021645881141680852e-06 4.300917147990426866e-07 1.398155561807177486e-05 3.441459212218019861e-05 -5.043619616064387682e-05 -7.860509160281879587e-06 4.641686531309419946e-05 -1.710939209689126873e-04 -2.255963789872524419e-04 -1.243784850518487821e-07 -1.876636281832091879e-05 -4.017397318469498329e-05 1.970354390426980575e-04 -3.685751006125169622e-04 1.266975562918061378e-05 1.707673160812584433e-05 2.939101881612182448e-05 3.386769242830554280e-05 1.498225128127295710e-06 -1.484882530481186448e-05 2.089234816043580075e-03 7.796711349011957199e-05 -3.031245749634654384e-03 5.300793085400583754e-05 -1.149039462907801637e-03 4.308527281141926509e-04 -6.328129691704355677e-05 1.212824603905133055e-04 8.889715213428312206e-04 -2.463828656701797046e-03 2.998220407029021650e-02 -6.140502316631916285e-02 5.340939231340297022e-03 2.273453158009937532e-03 1.144467311100396019e-02
-4.791143653199157401e-09 -1.144699704593944292e-08 -8.708607901815186158e-08 -2.150548998221491560e-06 -4.005737477805770513e-06 -5.269004085524290492e-07 2.221662042545616484e-07 -1.047777472108290416e-05 -2.007757197413181276e-05 2.779905730092001675e-05 -3.957074087336248686e-06 -3.477775924946013966e-05 8.404065679774322883e-05 1.077058053028454173e-04 1.033088676876555761e-05 6.672147692808929329e-05 1.215138095936451755e-04 1.020154150880784027e-04 -1.921899216607836347e-04 -4.007706214416672770e-05 -2.529940863610893517e-05 -7.315109855788164161e-05 -4.286997325221592320e-07 5.068940381848042657e-05 -6.065949289661335910e-05 1.103988369028063507e-03 2.221331760610967141e-05 -1.608042454922955274e-03 5.012381639796989203e-05 -5.667930108430429409e-04 5.149219453401237390e-05 1.763054440661493443e-05 -4.797554500506377110e-05 2.077293919772214088e-04 -6.352193007294151296e-04 1.201229736009280964e-02 -1.996535932150741641e-02 2.273453158009937532e-03 1.445619550746722951e-03 2.207846016722345150e-02
