9.999999999999538147e-01 -1.059440008552916522e-13 -8.102749236309944326e-13 -2.075191088550891435e-11 -3.935070898757888859e-11 7.510862924815375790e-13 -3.104447648058920850e-13 -9.942620383797795445e-11 -2.124164056669777394e-10 3.039455522094961941e-10 6.481409565507071023e-12 -3.752191389470357530e-10 1.127715866038102151e-09 1.551873922193591815e-09 1.459162508750612159e-07 2.977132371910623482e-09 3.849566738487075833e-09 2.427426675488391977e-11 2.170249368203070746e-10 2.838095157025886231e-08 -4.115407536809446587e-08 -2.783706518159565885e-08 -3.152897330011650381e-08 -1.447158399564947977e-09 4.940986020264014098e-09 -8.673365105760298526e-10 -1.766378311461207659e-08 9.042395025219949172e-10 1.475763512686473354e-08 1.146969947357528680e-11 -1.446169989347702676e-08 5.761378090811071460e-09 -1.020257123071478719e-08 -1.255949371989282060e-08 4.242783818900067088e-09 4.505514488935279616e-10 -2.598389770062738308e-10 6.322579618419226686e-09 -4.903107837426892507e-09 -5.652885759447801097e-11 2.027827480646355994e-09 -1.548706203058629509e-09 -5.891952675322469881e-09 -2.276201960288565371e-09 -2.637742052721458610e-10 3.677926554565160865e-10 2.280407269880122530e-09 -4.192576460510231948e-10 4.513228646336291873e-09 8.468127937861890031e-10 -1.824180599880051766e-10 4.805731855946168683e-10
-1.059440008552916522e-13 9.999999999997476463e-01 -1.942525768713209430e-12 -4.974566425173543051e-11 -9.433748452685228540e-11 1.805256329203388180e-12 -7.461847068540793867e-13 -2.383082143808390127e-10 -5.093831164986881842e-10 7.289592273872737444e-10 1.557512184657781106e-11 -8.993324460717603103e-10 2.705874288100772806e-09 3.724249118929871939e-09 3.506381377172926859e-07 7.162598833121380122e-09 9.263519162984554358e-09 5.830760150211823358e-11 5.215153749905959370e-10 6.819692844537926951e-08 -9.888133609595706550e-08 -6.696410573967848308e-08 -7.576516844328203156e-08 -3.449664855181319721e-09 1.183505045297850712e-08 -2.085659595876125683e-09 -4.245967210763344841e-08 2.174105014458223867e-09 3.546344216464691934e-08 2.820025283906611255e-11 -3.480087715036422892e-08 1.384488632098457891e-08 -2.452352154023745951e-08 -3.020913101008911014e-08 1.026544239179369501e-08 1.083457387552533924e-09 -6.225148858710165321e-10 1.523455099402022160e-08 -1.171512592181135956e-08 -1.379342196263349509e-10 4.884149411707694927e-09 -3.737060133772309494e-09 -1.410263746681657361e-08 -5.474105718242230643e-09 -6.363036423338388618e-10 8.871467373445121474e-10 5.483937542736793012e-09 -1.007136309936125941e-09 1.081410630175229864e-08 2.049127043294341898e-09 -4.413079690919057724e-10 1.140939342499558398e-09
-8.102749236309944326e-13 -1.942525768713209430e-12 9.999999999851287846e-01 -3.809572266897860001e-10 -7.225575600098151417e-10 1.389693198494732888e-11 -5.744495091042012425e-12 -1.824486699156893220e-09 -3.903696027340358699e-09 5.587721667714894956e-09 1.198507567010275060e-10 -6.885202982647000091e-09 2.076025444183509654e-08 2.858311173798394790e-08 2.698038694920914773e-06 5.524124382267743419e-08 7.147358023387692108e-08 4.482478689399958603e-10 4.013042497620974378e-09 5.247120720056022662e-07 -7.606786836279684622e-07 -5.163102112189252143e-07 -5.830055976708282236e-07 -2.614774712870757520e-08 9.051548511086041259e-08 -1.607113411341287939e-08 -3.269348208845218756e-07 1.674826981967145888e-08 2.729073525715518424e-07 2.265801806028274991e-10 -2.685356882452137847e-07 1.065343393476740486e-07 -1.887967123578778596e-07 -2.328907285449364596e-07 8.004800394085453923e-08 8.348918102527028052e-09 -4.761871549209969201e-09 1.178527225260677458e-07 -8.913470987668557258e-08 -1.093033498740721719e-09 3.774946005316468183e-08 -2.899036280313084887e-08 -1.076774158381455751e-07 -4.218647464483548589e-08 -4.933198818292969291e-09 6.876793657896734845e-09 4.225966055224576828e-08 -7.742777157656886196e-09 8.274303038655770451e-08 1.598215400726180526e-08 -3.440336410621164731e-09 8.570401907983670046e-09
-2.075191088550891435e-11 -4.974566425173543051e-11 -3.809572266897860001e-10 9.999999902223406512e-01 -1.856139459307996909e-08 3.672733746960740474e-10 -1.518682935893182663e-10 -4.675467281631348965e-08 -1.005984347585134891e-07 1.441829421044916415e-07 3.160488742952343557e-09 -1.764328073102346483e-07 5.384126527720969483e-07 7.426835496557839591e-07 7.109649009115847729e-05 1.473780042800575730e-06 1.910872808412172405e-06 1.171608176564041795e-08 1.058579912458487994e-07 1.382100403065341891e-05 -2.002307029363391470e-05 -1.372921224516106590e-05 -1.537003291808542623e-05 -6.492551235646491253e-07 2.322455278307224755e-06 -4.274577932642232247e-07 -8.660879252747797182e-06 4.448537643942712964e-07 7.207363794818237610e-06 7.347376911839112431e-09 -7.194606333939888623e-06 2.806781056504155555e-06 -4.986269240353726283e-06 -6.209092145094116551e-06 2.266998190106978630e-06 2.220033555117828887e-07 -1.214683272237573663e-07 3.200775559032283690e-06 -2.202059454470662054e-06 -3.351435775326550946e-08 1.017750436613288499e-06 -7.991779910801612972e-07 -2.716617222468412996e-06 -1.120577896382588037e-06 -1.354902937953304350e-07 1.887370670015263362e-07 1.123239808556682001e-06 -2.019287413630498832e-07 2.113553220029248157e-06 4.528519279593535766e-07 -9.723854635789203581e-08 1.956143083700605943e-07
-3.935070898757888859e-11 -9.433748452685228540e-11 -7.225575600098151417e-10 -1.856139459307996909e-08 9.999999647496005117e-01 7.067867348710962368e-10 -2.923037779511517904e-10 -8.869208924910737669e-08 -1.913324911802863207e-07 2.743937976634121060e-07 6.075876294514355283e-09 -3.346832226114343506e-07 1.027061435651223127e-06 1.417942186481600003e-06 1.366003269357801654e-04 2.847047572382768472e-06 3.694741054102989910e-06 2.239080170677188922e-08 2.035555016516434000e-07 2.654560682659972939e-05 -3.845318264203571775e-05 -2.644535593828528677e-05 -2.953762514879534198e-05 -1.234871740430501747e-06 4.428375800521295539e-06 -8.254073078510129459e-07 -1.669389372260257442e-05 8.585027670149074588e-07 1.387381284723165479e-05 1.528872516300977725e-08 -1.393433733053575028e-05 5.390221009320895840e-06 -9.585118112890150720e-06 -1.199991034698686636e-05 4.496815964610250577e-06 4.285076210063307404e-07 -2.299461882312567833e-07 6.236379544371371891e-06 -4.102144042972356093e-06 -6.861844904261913799e-08 1.973570838104591978e-06 -1.567238235750563836e-06 -5.114464719228623018e-06 -2.159756763849862482e-06 -2.651992561755524687e-07 3.693505090407547276e-07 2.166777662004726252e-06 -3.847681844806802925e-07 4.003295022489347248e-06 8.980784949393091884e-07 -1.926419468141606058e-07 3.496267855747435379e-07
7.510862924815375790e-13 1.805256329203388180e-12 1.389693198494732888e-11 3.672733746960740474e-10 7.067867348710962368e-10 9.999999999576333343e-01 1.778238379309127300e-11 1.722457103906246676e-09 4.025664115728967144e-09 -5.884460106257403988e-09 -3.360377097687756636e-10 6.700907999370850104e-09 -2.369745040430838512e-08 -3.347580692799390400e-08 -3.627191057741940973e-06 -8.049744985561537323e-08 -1.048789618167429033e-07 3.833729798356405041e-09 -1.521317222424392982e-08 -7.102110239130352997e-07 1.443251288293241665e-06 -8.745337841698429157e-07 1.398599457616539062e-06 1.712869585964097600e-06 -1.817177009380666850e-06 1.170229874390889966e-07 2.209864785039849363e-06 -1.255672153040648047e-07 -1.883261237180387873e-06 -3.956333169464904289e-09 1.873430099654990411e-06 -6.828185748935049445e-08 3.110081865374434897e-09 1.565789783223945771e-06 -1.214988940654104804e-06 -4.945667697305620987e-08 3.985119025133170894e-10 -1.021582103014875459e-06 -5.260641521446628648e-07 3.463903449419690061e-08 1.891016061274589718e-08 3.491109631811052592e-07 -2.462792942689981151e-07 4.082401356383808545e-08 4.647446148875489944e-08 -6.856873203819727240e-08 -5.872157478462356420e-08 -1.274366538073504762e-07 2.783860429780854620e-09 -1.545745317595981686e-07 3.647862891854868592e-08 1.999346769493518399e-08
-3.104447648058920850e-13 -7.461847068540793867e-13 -5.744495091042012425e-12 -1.518682935893182663e-10 -2.923037779511517904e-10 1.778238379309127300e-11 9.999999999925334171e-01 -7.121516440570479683e-10 -1.665867291905389119e-09 2.435613742694975262e-09 1.409337538486839867e-10 -2.773071817068883494e-09 9.816007968953821412e-09 1.386885028596722360e-08 1.501512383964098266e-06 3.326640361499870804e-08 4.331039783649289893e-08 -1.633128800527861539e-09 6.402124127749146642e-09 2.940248447331881497e-07 -6.024431855378695209e-07 3.829427286673048470e-07 -5.853330522783940750e-07 -7.284327793873969648e-07 7.721679863375391471e-07 -4.939494646752183627e-08 -9.330686735419564360e-07 5.302284073782142224e-08 7.957211213744576199e-07 1.647322236617268775e-09 -7.893361294833626199e-07 2.739618177139494728e-08 1.801678788340388570e-09 -6.601754450636286055e-07 5.115266609497346690e-07 2.083788336088941198e-08 -1.803486376715966097e-10 4.300944591349049627e-07 2.218088732834335696e-07 -1.459852582225086560e-08 -9.129631839563347035e-09 -1.466834032379808384e-07 1.041072460610251366e-07 -1.645184808199565981e-08 -1.953229417375790710e-08 2.883544840357545225e-08 2.480267315966293997e-08 5.439174161568066960e-08 -1.518600349431666138e-09 6.498729504230942435e-08 -1.537558473606237129e-08 -8.694422646548340601e-09
-9.942620383797795445e-11 -2.383082143808390127e-10 -1.824486699156893220e-09 -4.675467281631348965e-08 -8.869208924910737669e-08 1.722457103906246676e-09 -7.121516440570479683e-10 9.999997761272668706e-01 -4.794352853588135388e-07 6.864188897627980830e-07 1.483942266562705606e-08 -8.451404428825807211e-07 2.552931629399714858e-06 3.516172575817239029e-06 3.328404426251236649e-04 6.829831128651261262e-06 8.841403767540788574e-06 5.386062447476521041e-08 4.997764044108723076e-07 6.466769284547421249e-05 -9.454099363239561410e-05 -6.077349175238645355e-05 -7.213840473697720219e-05 -4.002183154420693386e-06 1.173609553568833091e-05 -1.990959007587236646e-06 -4.053251605758527985e-05 2.071300518789327079e-06 3.376173570622728051e-05 2.783978783624082246e-08 -3.325175876593492033e-05 1.311974852188276088e-05 -2.327142038168240087e-05 -2.877444007831278646e-05 1.005911108997573776e-05 1.032047693815969419e-06 -5.822201229973334917e-07 1.464342137175141561e-05 -1.078646425792660007e-05 -1.415250100027271830e-07 4.684501382693302327e-06 -3.619403795359124526e-06 -1.310406087437584777e-05 -5.214749085482069627e-06 -6.159465809677431774e-07 8.588348317500956079e-07 5.208073772035981423e-06 -9.601637035557763030e-07 1.010413104057625801e-05 2.014950867082281147e-06 -4.332030807227920508e-07 1.027804158682893818e-06
-2.124164056669777394e-10 -5.093831164986881842e-10 -3.903696027340358699e-09 -1.005984347585134891e-07 -1.913324911802863207e-07 4.025664115728967144e-09 -1.665867291905389119e-09 -4.794352853588135388e-07 9.999989558984148097e-01 1.500641221616270684e-06 3.447851400472309988e-08 -1.809390435948755166e-06 5.665419505709384087e-06 7.846003702541930847e-06 7.737755035543379678e-04 1.644894000104146810e-05 2.142266958149213925e-05 1.251407937033807508e-07 1.150276739245859813e-06 1.489164875335225000e-04 -2.163894916052370597e-04 -1.475986289385037404e-04 -1.663453383792210536e-04 -7.787584108307722135e-06 2.521097705579103813e-05 -4.741328954434456357e-06 -9.538791680559071415e-05 4.920731510131042260e-06 7.891350181731374462e-05 1.064645840242699363e-07 -8.070311888286026483e-05 3.017705388270333178e-05 -5.379159093555405097e-05 -6.902474795540901569e-05 2.808585780893460530e-05 2.454347745486253905e-06 -1.230300596212227642e-06 3.681751700418888043e-05 -2.056582064559778580e-05 -4.706104666059506413e-07 1.137505638172298222e-05 -9.451917678128499183e-06 -2.673886618636000072e-05 -1.223345285163283189e-05 -1.587402237896345090e-06 2.211062798504611659e-06 1.233974648984277763e-05 -2.059997205917727689e-06 2.142134268089645311e-05 5.596642981512957092e-06 -1.196864191959418491e-06 1.475207120143520913e-06
3.039455522094961941e-10 7.289592273872737444e-10 5.587721667714894956e-09 1.441829421044916415e-07 2.743937976634121060e-07 -5.884460106257403988e-09 2.435613742694975262e-09 6.864188897627980830e-07 1.500641221616270684e-06 9.999978412802162930e-01 -5.032729956590769231e-08 2.590751960728587722e-06 -8.178867433372046173e-06 -1.134138026793362433e-05 -1.129702558252100586e-03 -2.421633102866764241e-05 -3.159102506730040446e-05 -1.832979514920483598e-07 -1.669842186210254771e-06 -2.155924791473897524e-04 3.138537291664537303e-04 2.131198932784123434e-04 2.412550974150825720e-04 1.209532492681543274e-05 -3.704892387570121769e-05 6.938284713960967400e-06 1.393372363234179857e-04 -7.195520404235329341e-06 -1.150935425394941018e-04 -1.648940143803384846e-07 1.184033474274972240e-04 -4.362283403200648653e-05 7.780539672408175904e-05 1.010281003367474240e-04 -4.229188143885116702e-05 -3.586544204795181968e-06 1.751399137522709345e-06 -5.437971473139225736e-05 2.844553593105177131e-05 7.301385407089057458e-07 -1.659495693187756010e-05 1.406703073705288129e-05 3.767460087453908192e-05 1.775609566434965570e-05 2.354629749708445332e-06 -3.280658856936101032e-06 -1.797317257546665191e-05 2.900740491506812477e-06 -3.047771729002335720e-05 -8.414774333568289920e-06 1.797839226560650852e-06 -1.875876776662873735e-06
6.481409565507071023e-12 1.557512184657781106e-11 1.198507567010275060e-10 3.160488742952343557e-09 6.075876294514355283e-09 -3.360377097687756636e-10 1.409337538486839867e-10 1.483942266562705606e-08 3.447851400472309988e-08 -5.032729956590769231e-08 9.999999973240787376e-01 5.749811915102575411e-08 -2.017429611926561610e-07 -2.846529299964117422e-07 -3.090277275072461849e-05 -6.903023620079715056e-07 -9.024521687819813072e-07 2.789139706844852954e-08 -1.184468300046223586e-07 -5.928022837122701591e-06 1.169898305331983241e-05 -5.787981361878696672e-06 1.115866402712960329e-05 1.280197899364791829e-05 -1.364077126485909370e-05 8.972970585468475311e-07 1.694946554769800063e-05 -9.615941785384403008e-07 -1.441770458129420211e-05 -3.102615181897474382e-08 1.442931113673509820e-05 -6.368043828423372069e-07 2.575230845658471350e-07 1.204588359685646502e-05 -9.318417895277399709e-06 -3.816981365318897845e-07 5.389467616682134048e-09 -7.864109378382451199e-06 -3.950588495297081779e-06 2.643942589059187716e-07 7.573133076878455738e-08 2.690919253995256726e-06 -1.802427947310485794e-06 3.651017741144655278e-07 3.588603334941405610e-07 -5.285290251513078698e-07 -4.725187592960165184e-07 -9.391845068416964909e-07 -3.808753219586699184e-08 -1.193561791101366855e-06 2.800588774902763651e-07 1.397946105695945616e-07
-3.752191389470357530e-10 -8.993324460717603103e-10 -6.885202982647000091e-09 -1.764328073102346483e-07 -3.346832226114343506e-07 6.700907999370850104e-09 -2.773071817068883494e-09 -8.451404428825807211e-07 -1.809390435948755166e-06 2.590751960728587722e-06 5.749811915102575411e-08 9.999968018443269324e-01 9.650479555978759940e-06 1.329696335979874919e-05 1.266900238230488779e-03 2.611903901389792194e-05 3.390343109243804332e-05 1.799230360500879309e-07 1.980394369787507211e-06 2.407305298571850449e-04 -3.727351922460279770e-04 -1.527180917321713759e-04 -2.753075554221851040e-04 -3.469381533265606673e-05 5.865212279454104895e-05 -7.578724128768802073e-06 -1.558183088346585621e-04 7.797969105647550522e-06 1.282605860664746695e-04 7.493618307485437172e-08 -1.252551505884427633e-04 4.859191005390459274e-05 -8.634015951450889142e-05 -1.077931386276247361e-04 3.885218747935925341e-05 3.891950529130325098e-06 -2.162601141387779795e-06 5.523869176377266352e-05 -3.862056022370837898e-05 -5.884471368211467125e-07 1.768829743167100871e-05 -1.385845809599443160e-05 -4.738681324624779273e-05 -1.954833175238289921e-05 -2.367636679965554629e-06 3.310432259608372434e-06 1.916209586411514240e-05 -3.734576808327908413e-06 3.686778039439129139e-05 7.904032962553718118e-06 -1.697076160275150970e-06 3.783043219954208241e-06
1.127715866038102151e-09 2.705874288100772806e-09 2.076025444183509654e-08 5.384126527720969483e-07 1.027061435651223127e-06 -2.369745040430838512e-08 9.816007968953821412e-09 2.552931629399714858e-06 5.665419505709384087e-06 -8.178867433372046173e-06 -2.017429611926561610e-07 9.650479555978759940e-06 9.999684606919850838e-01 -4.401558809706256900e-05 -4.699249157786466145e-03 -1.069576854822504021e-04 -1.419884486217944000e-04 -1.003769100033447808e-06 -5.786774282921548875e-06 -7.480984472754104945e-04 1.137097952824992408e-03 6.871524337914643480e-04 8.518602382046983361e-04 7.359874550627061715e-05 -1.532830361532572163e-04 2.505699770391422109e-05 5.049678488245666706e-04 -2.583779710347556787e-05 -4.139600562485103532e-04 -6.134681003304309839e-07 4.292730688941760438e-04 -1.498648220867317919e-04 2.673282251346056730e-04 3.635524953042212535e-04 -1.638380662778702354e-04 -1.295173523008779848e-05 5.936397617444780141e-06 -2.000976388563604916e-04 8.512530274091317166e-05 3.073673952247543536e-06 -5.822332263170183964e-05 5.293148672413308941e-05 1.202290733887094606e-04 6.168391040756626871e-05 8.829812238951393618e-06 -1.233345184791693019e-05 -6.311193047515056874e-05 8.968633535040322348e-06 -1.004859025150086884e-04 -3.243247824732454522e-05 6.978021914852195209e-06 -4.253480703675092039e-06
1.551873922193591815e-09 3.724249118929871939e-09 2.858311173798394790e-08 7.426835496557839591e-07 1.417942186481600003e-06 -3.347580692799390400e-08 1.386885028596722360e-08 3.516172575817239029e-06 7.846003702541930847e-06 -1.134138026793362433e-05 -2.846529299964117422e-07 1.329696335979874919e-05 -4.401558809706256900e-05 9.999384305067058332e-01 -6.737897352631116651e-03 -1.564490526923524539e-04 -2.088577518379438269e-04 -1.582984263314457074e-06 -7.624426270344246058e-06 -9.937159862600257378e-04 1.531459129389195744e-03 9.133222969009421400e-04 1.138978469745220929e-03 1.085784622057036047e-04 -2.129404691541067626e-04 3.386551293211740248e-05 6.829741766211742124e-04 -3.488854163761610121e-05 -5.590643682252543914e-04 -8.458761607148209988e-07 5.815095063847917564e-04 -1.986092925377441732e-04 3.540711044235482778e-04 4.914888819734117243e-04 -2.267964601327009046e-04 -1.752198862978772905e-05 7.851574954526873042e-06 -2.725203961139606966e-04 1.069938362861354585e-04 4.359571239957429407e-06 -7.748163281466877497e-05 7.258595940673807955e-05 1.554340484707425322e-04 8.198897950866031333e-05 1.208245848140273240e-05 -1.689311130341966259e-05 -8.452405421735649461e-05 1.112127909780333920e-05 -1.316483555200496762e-04 -4.469635901357243822e-05 9.647091108461594699e-06 -4.591167178108119021e-06
1.459162508750612159e-07 3.506381377172926859e-07 2.698038694920914773e-06 7.109649009115847729e-05 1.366003269357801654e-04 -3.627191057741940973e-06 1.501512383964098266e-06 3.328404426251236649e-04 7.737755035543379678e-04 -1.129702558252100586e-03 -3.090277275072461849e-05 1.266900238230488779e-03 -4.699249157786466145e-03 -6.737897352631116651e-03 3.068388150541062707e-03 -2.823924482972125713e-02 -3.992822796651213091e-02 -5.781117297421881941e-04 3.872475565138995936e-04 1.981419331608307716e-02 1.252381879151901259e-02 3.394604692711068045e-03 5.443004185413728409e-04 2.175231942321256742e-04 -2.173753664563890899e-04 -1.314549144004308404e-04 3.518614188986950533e-04 1.320018122904293356e-04 -2.897623341714876768e-04 2.330001608131290742e-05 2.589978852794878059e-04 -6.003412979559736727e-05 9.787161818351778817e-05 2.183788714744849986e-04 -9.157504103930577319e-05 -1.065517433140133715e-04 1.214780028241999445e-04 -1.214831502070546281e-04 3.598838862406385979e-05 1.202960144019985332e-05 8.854834241921768914e-07 1.106687599629526768e-05 6.782577945502192465e-05 -1.289259427980311865e-05 7.852393737055618245e-05 -1.090393598418563963e-04 -5.081225081031709586e-05 -4.672462897125394726e-05 -6.773603926305658157e-05 4.316899356846334049e-06 9.258957574927467618e-05 -6.038077125070765130e-06
2.977132371910623482e-09 7.162598833121380122e-09 5.524124382267743419e-08 1.473780042800575730e-06 2.847047572382768472e-06 -8.049744985561537323e-08 3.326640361499870804e-08 6.829831128651261262e-06 1.644894000104146810e-05 -2.421633102866764241e-05 -6.903023620079715056e-07 2.611903901389792194e-05 -1.069576854822504021e-04 -1.564490526923524539e-04 -2.823924482972125713e-02 9.991242824728542304e-01 -1.266255434288854429e-03 -2.208645756477711547e-05 3.685612392641778712e-05 3.351507664497583791e-03 -3.462377417282243037e-03 -1.386500807416653864e-03 -2.525298180325933044e-03 -4.997770382309807413e-04 6.379287230192671326e-04 -8.040734602426215856e-05 -1.522624994263540189e-03 8.080824636999329764e-05 1.216348881415250591e-03 2.357325938790559284e-06 -1.247850626885355476e-03 3.962449995424675354e-04 -7.061452115026039872e-04 -1.040935664979350007e-03 5.089542415008232925e-04 3.352595318004199135e-05 -1.128225183803214782e-05 5.846860605447673932e-04 -1.793201161900309963e-04 -1.016098775044539833e-05 1.581656191677304748e-04 -1.611368788585724890e-04 -2.865911537301229725e-04 -1.668432427487117177e-04 -2.354678213326307393e-05 3.319282308188609837e-05 1.683136157812260988e-04 -2.207956023717851048e-05 2.529373068639747223e-04 1.014059703690651392e-04 -1.796094368574539940e-05 6.891199530592208983e-06
3.849566738487075833e-09 9.263519162984554358e-09 7.147358023387692108e-08 1.910872808412172405e-06 3.694741054102989910e-06 -1.048789618167429033e-07 4.331039783649289893e-08 8.841403767540788574e-06 2.142266958149213925e-05 -3.159102506730040446e-05 -9.024521687819813072e-07 3.390343109243804332e-05 -1.419884486217944000e-04 -2.088577518379438269e-04 -3.992822796651213091e-02 -1.266255434288854429e-03 9.981583046111455193e-01 -3.351711470522443574e-05 6.245214001128035182e-05 5.903972709169382459e-03 -6.389926550684805681e-03 -2.948126417114710525e-03 -4.557490672667903128e-03 -8.987285953018853742e-04 1.161508643321500353e-03 -1.465271652412824643e-04 -2.799864711596832239e-03 1.475428546243937055e-04 2.240824640312018019e-03 4.279301971316916001e-06 -2.306902283330038248e-03 7.081170775142481364e-04 -1.257685065637553909e-03 -1.923233353136140659e-03 9.611503768596999387e-04 6.294471027819835733e-05 -2.137405681869425944e-05 1.087023535202429145e-03 -2.982839871825759088e-04 -1.963257639629984480e-05 2.803975906842639176e-04 -3.010256040199648622e-04 -5.010857338835124093e-04 -2.976164491396400893e-04 -4.456188351654534789e-05 6.288521575610427202e-05 3.066234012210347572e-04 -3.225486481955430057e-05 4.506149631808964830e-04 1.885729783641713312e-04 -3.458004753709056737e-05 8.175884046987309947e-06
2.427426675488391977e-11 5.830760150211823358e-11 4.482478689399958603e-10 1.171608176564041795e-08 2.239080170677188922e-08 3.833729798356405041e-09 -1.633128800527861539e-09 5.386062447476521041e-08 1.251407937033807508e-07 -1.832979514920483598e-07 2.789139706844852954e-08 1.799230360500879309e-07 -1.003769100033447808e-06 -1.582984263314457074e-06 -5.781117297421881941e-04 -2.208645756477711547e-05 -3.351711470522443574e-05 9.999984028805004588e-01 4.343264192316139915e-06 2.845812947017631062e-04 -4.492082136755162856e-04 1.252354083514264742e-04 -3.212450415226274095e-04 -3.181484807370509472e-04 3.333252214483200604e-04 -2.243810648207861816e-05 -4.232563532832753564e-04 2.369042367074141207e-05 3.533856549342411228e-04 8.356330926325131368e-07 -3.622055801012504482e-04 2.100845370060537432e-05 -1.862175090212657397e-05 -2.981954044907761739e-04 2.366914691690796455e-04 9.502139053382615096e-06 3.143538156185729819e-08 1.979872077456346329e-04 1.015223369655592100e-04 -6.679685675471912966e-06 3.405954401346738183e-06 -6.951317074838321618e-05 4.659800174795095600e-05 -1.222882763650959070e-05 -9.198656054722104643e-06 1.348835772974077836e-05 1.047973916513917036e-05 2.010671510181207225e-05 6.011024384853868361e-07 3.049794273979582470e-05 -6.934613530806481473e-06 -2.312743498688931633e-06
2.170249368203070746e-10 5.215153749905959370e-10 4.013042497620974378e-09 1.058579912458487994e-07 2.035555016516434000e-07 -1.521317222424392982e-08 6.402124127749146642e-09 4.997764044108723076e-07 1.150276739245859813e-06 -1.669842186210254771e-06 -1.184468300046223586e-07 1.980394369787507211e-06 -5.786774282921548875e-06 -7.624426270344246058e-06 3.872475565138995936e-04 3.685612392641778712e-05 6.245214001128035182e-05 4.343264192316139915e-06 9.999792708647693429e-01 -2.113970606494048297e-03 3.495830290930433074e-03 -2.796680788916608429e-04 7.422429400669793920e-04 6.628761640813036256e-04 -6.687288745006606319e-04 4.148852481262269449e-05 8.216586775772339712e-04 -4.311709579876588663e-05 -6.719246054399061760e-04 -1.200539658906534318e-06 6.899904939566477461e-04 -4.655307573500280246e-05 5.050700759673284980e-05 5.614057860407057872e-04 -4.485280101196575117e-04 -1.911192818796805511e-05 1.256217817247556897e-06 -3.736623082627476048e-04 -1.909086747815862887e-04 1.278910111552542131e-05 -1.211861490688483684e-05 1.322719583324279754e-04 -8.667129514439697038e-05 2.638168230608729792e-05 1.831732520215634247e-05 -2.681735651210541822e-05 -1.903793425981246146e-05 -3.418693618753014827e-05 -2.068377999036665400e-06 -5.761231238827994720e-05 1.397534131190801454e-05 3.020119759640365266e-06
2.838095157025886231e-08 6.819692844537926951e-08 5.247120720056022662e-07 1.382100403065341891e-05 2.654560682659972939e-05 -7.102110239130352997e-07 2.940248447331881497e-07 6.466769284547421249e-05 1.489164875335225000e-04 -2.155924791473897524e-04 -5.928022837122701591e-06 2.407305298571850449e-04 -7.480984472754104945e-04 -9.937159862600257378e-04 1.981419331608307716e-02 3.351507664497583791e-03 5.903972709169382459e-03 2.845812947017631062e-04 -2.113970606494048297e-03 7.167648150083626435e-01 4.329562082150240632e-01 1.200012127297405001e-01 1.025328780364702722e-02 3.506709352022560188e-03 -2.987025557029578202e-03 2.998039394328946914e-05 5.462283805864154122e-03 -2.053449618158084870e-05 -4.114610158553320095e-03 3.317808522615416382e-05 4.077255342269469826e-03 -1.070452008833776758e-03 1.889849267585564253e-03 3.285098047046368722e-03 -1.720085007332501680e-03 -2.655063975580386156e-04 2.215248689514166152e-04 -1.866398686618099632e-03 3.506324922481447791e-04 5.572219586109355142e-05 -4.034841872719983251e-04 5.382522993587270663e-04 7.437660356770581845e-04 4.162526428030456399e-04 1.981864666881772688e-04 -2.822104427914416116e-04 -4.450459484061719344e-04 1.466929006264774054e-05 -7.179837050521325082e-04 -3.470028041446401000e-04 2.005584653818679841e-04 -6.349833991104666421e-05
-4.115407536809446587e-08 -9.888133609595706550e-08 -7.606786836279684622e-07 -2.002307029363391470e-05 -3.845318264203571775e-05 1.443251288293241665e-06 -6.024431855378695209e-07 -9.454099363239561410e-05 -2.163894916052370597e-04 3.138537291664537303e-04 1.169898305331983241e-05 -3.727351922460279770e-04 1.137097952824992408e-03 1.531459129389195744e-03 1.252381879151901259e-02 -3.462377417282243037e-03 -6.389926550684805681e-03 -4.492082136755162856e-04 3.495830290930433074e-03 4.329562082150240632e-01 2.617775767616286053e-01 7.214953610514808491e-02 6.313406176760720349e-03 2.294270915853895056e-03 -1.979221422372779305e-03 5.517288666981649782e-04 3.444052692353187332e-03 -5.185164188498893496e-04 -2.589385990366051792e-03 -7.504532531616763750e-05 2.553565484929150916e-03 -6.533655618029455712e-04 1.144787786729854848e-03 2.085350588404513185e-03 -1.069026123757548311e-03 1.446682052097804881e-04 -2.233359843785579846e-04 -1.143936957623036335e-03 2.801215104415943034e-04 -1.495934069678432403e-05 -2.330148561877273534e-04 3.520451658871262416e-04 5.131811092529434213e-04 2.810457236830272445e-04 -1.193417121464480213e-04 1.808049560539604582e-04 -3.222592367970433780e-04 -9.225153115606233830e-06 -5.027160592054149332e-04 -3.107936811443933476e-04 -1.800861727438915754e-04 1.670128612240316940e-06
-2.783706518159565885e-08 -6.696410573967848308e-08 -5.163102112189252143e-07 -1.372921224516106590e-05 -2.644535593828528677e-05 -8.745337841698429157e-07 3.829427286673048470e-07 -6.077349175238645355e-05 -1.475986289385037404e-04 2.131198932784123434e-04 -5.787981361878696672e-06 -1.527180917321713759e-04 6.871524337914643480e-04 9.133222969009421400e-04 3.394604692711068045e-03 -1.386500807416653864e-03 -2.948126417114710525e-03 1.252354083514264742e-04 -2.796680788916608429e-04 1.200012127297405001e-01 7.214953610514808491e-02 2.184328765628657659e-02 1.536658301761790460e-03 -1.349418667720253507e-04 2.030470563258821189e-04 9.820357437389940283e-05 4.250042156803791405e-04 -1.391343085693712940e-04 -2.186200115274545186e-04 4.149439090209643106e-05 4.710824446177901766e-04 -2.198741365077671694e-04 4.424527033868303058e-04 2.891286337477878506e-04 -3.929423535146968653e-04 1.160877104446899228e-04 -1.818471531591317079e-04 -2.480450526852052799e-04 -2.635321446981763707e-04 4.566713632697852980e-05 -2.158739713325077243e-04 1.235454796258796725e-04 -2.707764796166766395e-04 2.083744735755408372e-04 -9.084866192461551017e-05 8.519184189697405582e-05 1.500376190596915842e-04 2.087009919167211007e-04 2.431575563927485819e-04 2.216413307136034356e-04 -5.370205968720370839e-05 1.891546989010261151e-05
-3.152897330011650381e-08 -7.576516844328203156e-08 -5.830055976708282236e-07 -1.537003291808542623e-05 -2.953762514879534198e-05 1.398599457616539062e-06 -5.853330522783940750e-07 -7.213840473697720219e-05 -1.663453383792210536e-04 2.412550974150825720e-04 1.115866402712960329e-05 -2.753075554221851040e-04 8.518602382046983361e-04 1.138978469745220929e-03 5.443004185413728409e-04 -2.525298180325933044e-03 -4.557490672667903128e-03 -3.212450415226274095e-04 7.422429400669793920e-04 1.025328780364702722e-02 6.313406176760720349e-03 1.536658301761790460e-03 2.266692289968228954e-04 1.869915975006492578e-04 -1.789277641026362016e-04 1.649571692822329304e-03 1.690095286148305320e-04 -1.351758952919195587e-03 -7.611806440479343416e-05 -2.680317135040113626e-04 1.542372065954532496e-04 -1.762623836296134760e-05 2.531939784030368248e-05 1.520176136966607688e-04 -1.305860089437848941e-04 6.512350908630688134e-04 -7.460875087106742668e-04 -4.181624160437392534e-05 5.466265825330577994e-06 -1.141931641276259959e-04 -6.229437392151857897e-06 7.596651462854863541e-05 1.458965215960568450e-06 6.963690011579667211e-05 -4.404999852328618862e-04 6.568880513336980377e-04 -2.711116514542882210e-06 -7.158627322346542526e-06 -5.164652021222569293e-05 -7.068324084163079191e-05 -5.290497035599228551e-04 2.379721456210528860e-05
-1.447158399564947977e-09 -3.449664855181319721e-09 -2.614774712870757520e-08 -6.492551235646491253e-07 -1.234871740430501747e-06 1.712869585964097600e-06 -7.284327793873969648e-07 -4.002183154420693386e-06 -7.787584108307722135e-06 1.209532492681543274e-05 1.280197899364791829e-05 -3.469381533265606673e-05 7.359874550627061715e-05 1.085784622057036047e-04 2.175231942321256742e-04 -4.997770382309807413e-04 -8.987285953018853742e-04 -3.181484807370509472e-04 6.628761640813036256e-04 3.506709352022560188e-03 2.294270915853895056e-03 -1.349418667720253507e-04 1.869915975006492578e-04 4.496837772888399930e-04 -4.398694392003431536e-04 1.188659979260677652e-03 3.550779567408600683e-04 -8.203474531420417099e-04 -2.838272882831753313e-04 -3.267096856689446962e-04 2.533514305872574938e-04 2.049269109462660066e-05 -6.982689634567120786e-05 2.529141036090516476e-04 -1.109508973051664081e-04 1.935586179273733110e-04 -1.456685622228455924e-04 -1.235591653691115528e-04 5.820456641148399321e-05 -1.430416465459771855e-04 8.059478499345727547e-05 5.898233474057502657e-05 1.439180630656205833e-04 -7.349517754715166357e-05 3.294492744109607746e-05 3.863189968210297689e-05 -1.835447177699529536e-05 -1.334129443485976274e-04 -2.138423906582920687e-04 -7.554305240723360065e-05 2.690249596468379244e-05 -1.418505860214000047e-04
4.940986020264014098e-09 1.183505045297850712e-08 9.051548511086041259e-08 2.322455278307224755e-06 4.428375800521295539e-06 -1.817177009380666850e-06 7.721679863375391471e-07 1.173609553568833091e-05 2.521097705579103813e-05 -3.704892387570121769e-05 -1.364077126485909370e-05 5.865212279454104895e-05 -1.532830361532572163e-04 -2.129404691541067626e-04 -2.173753664563890899e-04 6.379287230192671326e-04 1.161508643321500353e-03 3.333252214483200604e-04 -6.687288745006606319e-04 -2.987025557029578202e-03 -1.979221422372779305e-03 2.030470563258821189e-04 -1.789277641026362016e-04 -4.398694392003431536e-04 4.327472703153244140e-04 -1.940035443427853574e-03 -3.185996863067962551e-04 1.250823815381790598e-03 2.404147240871101960e-04 4.644830844147742341e-04 -2.327726220704734342e-04 -2.230432557612175556e-05 7.300630323752912022e-05 -2.400393962019756297e-04 1.005787679471333457e-04 -2.907268184438561933e-04 2.301111690753639995e-04 1.017647240713103255e-04 -7.189789605297951605e-05 1.895577725929358903e-04 -8.742000638761622522e-05 -4.811123434054265154e-05 -1.561965422227743502e-04 8.254773538644830425e-05 -3.562061760683848179e-05 -5.428119644693024681e-05 2.169919584893842938e-05 1.433194109217048268e-04 2.222465941271477069e-04 6.717115548158456842e-05 -7.077407751408562836e-05 1.452727024514545353e-04
-8.673365105760298526e-10 -2.085659595876125683e-09 -1.607113411341287939e-08 -4.274577932642232247e-07 -8.254073078510129459e-07 1.170229874390889966e-07 -4.939494646752183627e-08 -1.990959007587236646e-06 -4.741328954434456357e-06 6.938284713960967400e-06 8.972970585468475311e-07 -7.578724128768802073e-06 2.505699770391422109e-05 3.386551293211740248e-05 -1.314549144004308404e-04 -8.040734602426215856e-05 -1.465271652412824643e-04 -2.243810648207861816e-05 4.148852481262269449e-05 2.998039394328946914e-05 5.517288666981649782e-04 9.820357437389940283e-05 1.649571692822329304e-03 1.188659979260677652e-03 -1.940035443427853574e-03 9.982612391615762748e-01 -4.009087809416239656e-02 8.472036204353012656e-05 8.118731912867018646e-03 -7.580345750306252618e-05 -5.144960035798692641e-03 4.780758571142147326e-04 -6.828931434111391472e-04 -3.451743938615743894e-03 2.698153494612827701e-03 1.992146381391495620e-04 -9.927467212632985153e-05 2.080054490708051033e-03 1.099725119571206850e-03 -9.463450311655213830e-05 1.687949837810045193e-04 -7.324527680995776210e-04 4.930122062319617672e-04 -1.907584442291500120e-04 -1.358807627362477576e-04 2.047162660288134493e-04 7.484003536302748336e-05 1.140356960698818976e-04 -5.472996343489771306e-06 3.064171178326156983e-04 -1.002471172973443543e-04 2.804245595777283268e-06
-1.766378311461207659e-08 -4.245967210763344841e-08 -3.269348208845218756e-07 -8.660879252747797182e-06 -1.669389372260257442e-05 2.209864785039849363e-06 -9.330686735419564360e-07 -4.053251605758527985e-05 -9.538791680559071415e-05 1.393372363234179857e-04 1.694946554769800063e-05 -1.558183088346585621e-04 5.049678488245666706e-04 6.829741766211742124e-04 3.518614188986950533e-04 -1.522624994263540189e-03 -2.799864711596832239e-03 -4.232563532832753564e-04 8.216586775772339712e-04 5.462283805864154122e-03 3.444052692353187332e-03 4.250042156803791405e-04 1.690095286148305320e-04 3.550779567408600683e-04 -3.185996863067962551e-04 -4.009087809416239656e-02 2.207155350870721074e-03 -1.384079790137588382e-02 2.441388971875813345e-04 -2.194038007627229295e-03 4.081333494770692763e-04 -4.906087974645529867e-06 -1.778364790895606897e-05 3.990833899308782228e-04 -3.907100603265648746e-04 2.024938137099963759e-03 -2.099668503485965874e-03 -8.439791635419724631e-05 -3.160191376190945846e-05 -5.512278391557677137e-04 3.978589614445223691e-05 1.726804507428193779e-04 8.348269808173697587e-06 7.369007792064413362e-05 -7.806543295436594882e-04 1.318334780030056171e-03 5.032003462755488504e-05 -9.195827107532260553e-05 -1.631850783331309875e-04 -7.390554995946644029e-05 -6.860478646668005751e-04 -9.673555233967616788e-05
9.042395025219949172e-10 2.174105014458223867e-09 1.674826981967145888e-08 4.448537643942712964e-07 8.585027670149074588e-07 -1.255672153040648047e-07 5.302284073782142224e-08 2.071300518789327079e-06 4.920731510131042260e-06 -7.195520404235329341e-06 -9.615941785384403008e-07 7.797969105647550522e-06 -2.583779710347556787e-05 -3.488854163761610121e-05 1.320018122904293356e-04 8.080824636999329764e-05 1.475428546243937055e-04 2.369042367074141207e-05 -4.311709579876588663e-05 -2.053449618158084870e-05 -5.185164188498893496e-04 -1.391343085693712940e-04 -1.351758952919195587e-03 -8.203474531420417099e-04 1.250823815381790598e-03 8.472036204353012656e-05 -1.384079790137588382e-02 9.951763290098343262e-01 -6.669144342404786929e-02 2.160511371884424727e-04 9.552227791642699251e-03 -9.905465787208068713e-04 1.481546535922820262e-03 5.438906116553813772e-03 -4.108916010903093316e-03 -3.077501942319021814e-04 1.568359256299831149e-04 -3.021866722842484441e-03 -1.603722764416848530e-03 1.408371469779111720e-04 -3.057526430150338064e-04 1.056053213881266370e-03 -7.066777377483000151e-04 3.040226813161920867e-04 1.939017888316866157e-04 -2.926237238415816647e-04 -9.038162411382724302e-05 -1.218886927863051662e-04 8.261278622935283358e-06 -4.325835503975278490e-04 1.331475943460582270e-04 -1.846848405131799325e-05
1.475763512686473354e-08 3.546344216464691934e-08 2.729073525715518424e-07 7.207363794818237610e-06 1.387381284723165479e-05 -1.883261237180387873e-06 7.957211213744576199e-07 3.376173570622728051e-05 7.891350181731374462e-05 -1.150935425394941018e-04 -1.441770458129420211e-05 1.282605860664746695e-04 -4.139600562485103532e-04 -5.590643682252543914e-04 -2.897623341714876768e-04 1.216348881415250591e-03 2.240824640312018019e-03 3.533856549342411228e-04 -6.719246054399061760e-04 -4.114610158553320095e-03 -2.589385990366051792e-03 -2.186200115274545186e-04 -7.611806440479343416e-05 -2.838272882831753313e-04 2.404147240871101960e-04 8.118731912867018646e-03 2.441388971875813345e-04 -6.669144342404786929e-02 4.865134157588557780e-03 5.048924926597957857e-03 -9.484971861450711139e-04 6.754055161369617449e-05 -7.886834235768737009e-05 -6.871044550801841616e-04 6.099563661608553653e-04 -2.431274869699458479e-03 2.457853338295843022e-03 1.815461087135988459e-04 8.091756514550409575e-05 6.849462998542460044e-04 -3.342211940485435747e-05 -1.968963166530176157e-04 4.391719518605974669e-06 -7.590474335551003753e-05 7.667539967172406525e-04 -1.346601421923242226e-03 -2.422349469902150847e-05 1.119035867177548270e-04 1.673706069109165342e-04 8.433965007859698488e-05 5.370111435746914141e-04 8.628528568836861025e-05
1.146969947357528680e-11 2.820025283906611255e-11 2.265801806028274991e-10 7.347376911839112431e-09 1.528872516300977725e-08 -3.956333169464904289e-09 1.647322236617268775e-09 2.783978783624082246e-08 1.064645840242699363e-07 -1.648940143803384846e-07 -3.102615181897474382e-08 7.493618307485437172e-08 -6.134681003304309839e-07 -8.458761607148209988e-07 2.330001608131290742e-05 2.357325938790559284e-06 4.279301971316916001e-06 8.356330926325131368e-07 -1.200539658906534318e-06 3.317808522615416382e-05 -7.504532531616763750e-05 4.149439090209643106e-05 -2.680317135040113626e-04 -3.267096856689446962e-04 4.644830844147742341e-04 -7.580345750306252618e-05 -2.194038007627229295e-03 2.160511371884424727e-04 5.048924926597957857e-03 9.999137238002394623e-01 6.607371332287312153e-03 -2.653562879976492325e-04 1.047222208307953728e-04 2.662690823437055630e-03 -1.638741589148664949e-03 -8.041122324212163349e-05 2.295451212593202172e-05 -1.148131715580086873e-03 -5.655544124186117532e-04 3.893588843346901745e-05 7.045327219090721326e-06 3.523987561912237569e-04 -2.380684710913152881e-04 4.584825940304610028e-05 5.701975761086155547e-05 -8.311494007858382944e-05 -5.609704739519406728e-05 -1.157328719837039479e-04 -3.504362421165399080e-06 -1.477603134688937271e-04 4.518048720499022328e-05 1.318205190655642546e-05
