9.999998857759963000e-01 -2.786999755469664330e-07 3.368178623764619050e-04 1.370925244023242121e-05 7.540591629266531072e-06 -1.797465401929010603e-09 2.945771567099325867e-10 2.865852491825642493e-06
-2.786999755469664330e-07 9.999993199763780316e-01 8.220579739707916658e-04 3.294423231106411153e-05 1.812004542475269356e-05 -4.327992631971653226e-09 7.081570547338024997e-10 6.886491195373318316e-06
3.368178623764619050e-04 8.220579739707916658e-04 7.978923074065838192e-07 3.333097697907008563e-08 1.875790497758470683e-08 1.568931950499608819e-06 -3.943491692942627769e-07 5.805193509688665773e-09
1.370925244023242121e-05 3.294423231106411153e-05 3.333097697907008563e-08 4.002943519114543891e-09 7.344903031488555967e-09 4.567177304572778330e-05 -1.127931275634183100e-05 -4.043073735420428577e-09
7.540591629266531072e-06 1.812004542475269356e-05 1.875790497758470683e-08 7.344903031488555967e-09 1.764536739912815312e-08 1.249245371131323438e-04 -2.575051684580325595e-05 -1.224797631548701039e-08
-1.797465401929010603e-09 -4.327992631971653226e-09 1.568931950499608819e-06 4.567177304572778330e-05 1.249245371131323438e-04 9.999999682922779964e-01 1.186743572162418658e-08 -1.060102683800192544e-04
2.945771567099325867e-10 7.081570547338024997e-10 -3.943491692942627769e-07 -1.127931275634183100e-05 -2.575051684580325595e-05 1.186743572162418658e-08 9.999999944165046672e-01 6.527444370620511796e-05
2.865852491825642493e-06 6.886491195373318316e-06 5.805193509688665773e-09 -4.043073735420428577e-09 -1.224797631548701039e-08 -1.060102683800192544e-04 6.527444370620511796e-05 2.364824800782377603e-08
