9.999998857759960780e-01 -2.786999756380394155e-07 3.368178623765510807e-04 1.370925244016463147e-05 7.540591629251149801e-06 -1.797465401724048482e-09 2.945771567850372259e-10 2.865852491925121431e-06
-2.786999756380394155e-07 9.999993199763784757e-01 8.220579739707358294e-04 3.294423231107273772e-05 1.812004542481941265e-05 -4.327992631897484076e-09 7.081570550929444693e-10 6.886491195270097187e-06
3.368178623765510807e-04 8.220579739707358294e-04 7.978923074065849839e-07 3.333097697905565298e-08 1.875790497763303072e-08 1.568931950499652229e-06 -3.943491692946635823e-07 5.805193509630466172e-09
1.370925244016463147e-05 3.294423231107273772e-05 3.333097697905565298e-08 4.002943519109134957e-09 7.344903031463209499e-09 4.567177304563791650e-05 -1.127931275654495458e-05 -4.043073735653308044e-09
7.540591629251149801e-06 1.812004542481941265e-05 1.875790497763303072e-08 7.344903031463209499e-09 1.764536739900267313e-08 1.249245371122997307e-04 -2.575051684737177124e-05 -1.224797631624614217e-08
-1.797465401724048482e-09 -4.327992631897484076e-09 1.568931950499652229e-06 4.567177304563791650e-05 1.249245371122997307e-04 9.999999682922784405e-01 1.186743580836036038e-08 -1.060102683909479716e-04
2.945771567850372259e-10 7.081570550929444693e-10 -3.943491692946635823e-07 -1.127931275654495458e-05 -2.575051684737177124e-05 1.186743580836036038e-08 9.999999944165044452e-01 6.527444368232084883e-05
2.865852491925121431e-06 6.886491195270097187e-06 5.805193509630466172e-09 -4.043073735653308044e-09 -1.224797631624614217e-08 -1.060102683909479716e-04 6.527444368232084883e-05 2.364824800705322751e-08
