9.999999999891650004e-01 -2.600247677898491336e-11 -1.996337034929646821e-10 -5.382349145233333119e-09 -1.125151150585476144e-08 3.205909937649540117e-10 -1.928686301814876910e-10 2.820043459515043776e-06 -2.891506090302996393e-10 5.724988467614631583e-08 1.912294044339519905e-10 8.093360701558131973e-07 -3.195436969500733157e-07 -2.961845956866495763e-07 1.476937663523938935e-07 7.968844580296342924e-08 1.159541617341465856e-07 2.959469633734551228e-10 -4.873972637350763601e-11 1.397400520678962744e-08 -5.196485382391430651e-08 -4.582223914742356162e-08 -3.242603200459050723e-08 7.938252658625591253e-09 -5.051861646781973018e-09 -3.902992231256601697e-10 -1.220183150370346782e-08 2.787371062223753408e-10
-2.600247677898491336e-11 9.999999999375905890e-01 -4.791678518071980922e-10 -1.292004218607679776e-08 -2.701111664327193236e-08 7.703285588173669146e-10 -4.634267513062187613e-10 6.775781109801260526e-06 -4.917760980359698875e-10 1.364083159899941001e-07 4.576774820517816585e-10 1.944628411168192602e-06 -7.678505501056248697e-07 -7.117298733048196792e-07 3.548720229525223544e-07 1.914955956236585498e-07 2.786500527522581136e-07 7.109725201981566304e-10 -1.168193973301359229e-10 3.356636764436243309e-08 -1.248572060300202741e-07 -1.101098561437866669e-07 -7.790460327665603276e-08 1.906103138661939853e-08 -1.212440995752706471e-08 -9.408246683111697283e-10 -2.933963718616396182e-08 6.740108250898670589e-10
-1.996337034929646821e-10 -4.791678518071980922e-10 9.999999963210329801e-01 -9.921507959424680425e-08 -2.074596371575214066e-07 5.926951241009773529e-09 -3.565553661033161122e-09 5.212854963751919335e-05 -7.474866667938391817e-10 1.032331354679924221e-06 3.493933545503478496e-09 1.496012510290048573e-05 -5.907997208965344021e-06 -5.476341551423340333e-06 2.730059962236299902e-06 1.473538771013757178e-06 2.144268186023369593e-06 5.467864412655531190e-09 -8.943767974419524140e-10 2.580869653776465746e-07 -9.605113616446011552e-07 -8.472338828018290193e-07 -5.992221802678282263e-07 1.464445795751437292e-07 -9.306197951985975438e-08 -7.283340504699079007e-09 -2.260433305351786438e-07 5.249127230019737268e-09
-5.382349145233333119e-09 -1.292004218607679776e-08 -9.921507959424680425e-08 9.999973205861369951e-01 -5.612157262118937405e-06 1.626935659397104198e-07 -9.793709442276975679e-08 1.433819220719856694e-03 7.432740146450643071e-07 2.493903161330450645e-05 8.353659266651246944e-08 3.952709912781523106e-04 -1.555090728575225778e-04 -1.441334020980560883e-04 7.189223176941627648e-05 3.884408520766307845e-05 5.653080079821521054e-05 1.448834266741429856e-07 -2.398460592526758621e-08 6.767172783159500788e-06 -2.529237742047789442e-05 -2.234801389629831713e-05 -1.576624189381809084e-05 3.842183094835955568e-06 -2.437841930872299130e-06 -1.969124809554563450e-07 -5.993953511747433036e-06 1.453649700913305619e-07
-1.125151150585476144e-08 -2.701111664327193236e-08 -2.074596371575214066e-07 -5.612157262118937405e-06 9.999882173203403779e-01 3.478116257132439948e-07 -2.097443706241912785e-07 3.082907590448582136e-03 3.799569603295248122e-06 4.544551092757732837e-05 1.300287113770526829e-07 7.661231220741211668e-04 -2.988305785672408120e-04 -2.768414919427456553e-04 1.382078121087719133e-04 7.470101854140039120e-05 1.087090323322653564e-04 2.844267047561796322e-07 -5.088421131716895128e-08 1.296008373083579014e-05 -4.862341465255223539e-05 -4.302776697480626333e-05 -3.029436099655063026e-05 7.405124732282298272e-06 -4.714292652596671119e-06 -3.789961640481964398e-07 -1.153916581891480986e-05 2.806195920337181944e-07
3.205909937649540117e-10 7.703285588173669146e-10 5.926951241009773529e-09 1.626935659397104198e-07 3.478116257132439948e-07 9.999999880274784703e-01 7.238454924491503828e-09 -1.068815333256092838e-04 -6.158356699125741333e-07 4.784216194499581044e-07 1.295240234186308303e-09 -2.069445746355420200e-05 6.386615344425306832e-06 5.305916069990378922e-06 -3.758961831542248109e-06 -7.813446423169122797e-07 -3.768188855549606749e-07 -5.015472670701835818e-10 -1.550701119689602932e-08 -2.014953269410605971e-06 7.100447186169294450e-07 -1.081626202182670191e-06 1.409290237268792831e-06 1.718486931295129005e-06 -1.826716537763030122e-06 1.159573643015828061e-07 2.222700996432759010e-06 -1.248886288389267639e-07
-1.928686301814876910e-10 -4.634267513062187613e-10 -3.565553661033161122e-09 -9.793709442276975679e-08 -2.097443706241912785e-07 7.238454924491503828e-09 9.999999956046184968e-01 6.555356025144153987e-05 4.030217456084208498e-07 -3.286502790785625981e-07 -2.555002051201182260e-09 8.769800123910852647e-06 -2.645226323315997479e-06 -2.187294529161047392e-06 1.565312970633674353e-06 3.119554033018296517e-07 1.304468720357233389e-07 5.183201545211070856e-10 6.297467185553188141e-09 8.536364098885320654e-07 -2.899098608084676447e-07 4.711278812820320608e-07 -5.910060104931659033e-07 -7.311915730274103170e-07 7.767666079644272804e-07 -4.889601898739381312e-08 -9.393612583973887094e-07 5.271263146748815266e-08
2.820043459515043776e-06 6.775781109801260526e-06 5.212854963751919335e-05 1.433819220719856694e-03 3.082907590448582136e-03 -1.068815333256092838e-04 6.555356025144153987e-05 1.020303992784118985e-04 -6.967888957261259182e-03 6.037879807852617603e-03 9.830475369882709020e-05 -1.169521937108577395e-04 2.311171510883506554e-05 2.024861478385535794e-05 -1.114092550388786947e-05 -4.881898956148798097e-06 -6.795054215612005020e-06 -1.714228911372740391e-05 1.360174280232791926e-05 -1.545543123930793607e-06 3.119531966574700493e-06 1.803204071065059963e-06 1.233058662525977253e-06 5.378713705229633080e-07 -1.108960611262372735e-06 -5.086039592029973673e-06 7.224122673386752048e-07 4.249548967803097345e-06
-2.891506090302996393e-10 -4.917760980359698875e-10 -7.474866667938391817e-10 7.432740146450643071e-07 3.799569603295248122e-06 -6.158356699125741333e-07 4.030217456084208498e-07 -6.967888957261259182e-03 9.998028811832975205e-01 7.145568180902362680e-04 4.260960020636029178e-06 5.982480259561290953e-03 -1.733772367299740713e-03 -1.579964804398611630e-03 7.790154978559738755e-04 4.250916584459820367e-04 6.191376758739151756e-04 1.333100134686461602e-06 -1.472211976405545234e-07 6.595202829482963585e-05 -2.750911678771931438e-04 -2.522680662591328285e-04 -1.702193572181653577e-04 4.889630002459808894e-05 -3.544256506354529537e-05 -1.749496016109500280e-06 -6.173858821294568816e-05 9.178597997048168568e-07
5.724988467614631583e-08 1.364083159899941001e-07 1.032331354679924221e-06 2.493903161330450645e-05 4.544551092757732837e-05 4.784216194499581044e-07 -3.286502790785625981e-07 6.037879807852617603e-03 7.145568180902362680e-04 9.951303002314971780e-01 -1.354264415895893281e-05 -1.308282488595145787e-02 2.789607389950443835e-03 2.522375086297046643e-03 -1.161144011255289040e-03 -6.750981640712785427e-04 -9.930233829792969261e-04 -2.529386721818131214e-06 1.016929785616758890e-06 -7.705739317301536252e-05 4.266000674503738605e-04 4.251317872830906951e-04 2.753213524009764848e-04 -9.789347189704912587e-05 8.768967370259476252e-05 4.381541762621428770e-07 1.044172603503937637e-04 2.695782794586476441e-06
1.912294044339519905e-10 4.576774820517816585e-10 3.493933545503478496e-09 8.353659266651246944e-08 1.300287113770526829e-07 1.295240234186308303e-09 -2.555002051201182260e-09 9.830475369882709020e-05 4.260960020636029178e-06 -1.354264415895893281e-05 9.999998046725488976e-01 -4.059971732808790213e-04 6.199731493692340581e-05 5.075311453514152332e-05 -3.194768264885795763e-05 -7.873240112801902277e-06 -5.726491296174658105e-06 -1.010799260430038747e-08 -1.145809993576316521e-07 -1.533096582314635422e-05 6.517024398635016596e-06 -6.919214080415519643e-06 1.131745064444968954e-05 1.263859788928181365e-05 -1.347916418149181446e-05 8.754248061216322404e-07 1.698376965876457743e-05 -9.356930128431332640e-07
8.093360701558131973e-07 1.944628411168192602e-06 1.496012510290048573e-05 3.952709912781523106e-04 7.661231220741211668e-04 -2.069445746355420200e-05 8.769800123910852647e-06 -1.169521937108577395e-04 5.982480259561290953e-03 -1.308282488595145787e-02 -4.059971732808790213e-04 2.091717544342676827e-04 -4.861229847184967448e-05 -4.420758262765449455e-05 2.037409919332939441e-05 1.201358492584910638e-05 1.769412329338802858e-05 -6.124777907145252393e-05 4.923566782226109937e-05 1.096110158842234483e-06 -7.557085241787633243e-06 -7.805732792183081109e-06 -5.212141509767688988e-06 1.945964265048966924e-06 -1.815679794811166406e-06 -2.544100107160453524e-05 -1.356556483918399145e-06 2.499585064139730740e-05
-3.195436969500733157e-07 -7.678505501056248697e-07 -5.907997208965344021e-06 -1.555090728575225778e-04 -2.988305785672408120e-04 6.386615344425306832e-06 -2.645226323315997479e-06 2.311171510883506554e-05 -1.733772367299740713e-03 2.789607389950443835e-03 6.199731493692340581e-05 -4.861229847184967448e-05 1.564098635893094311e-05 1.493188210775375739e-05 -5.446178369584270027e-06 -4.632851048520298061e-06 -7.242061179952548240e-06 1.109431345915045790e-04 -8.770626140994177875e-05 9.567678212985043043e-07 2.631807153690427939e-06 4.189398392132149167e-06 2.147789886883321481e-06 -2.002014332621060607e-06 2.294206748177290676e-06 4.096682293694598489e-05 -1.117191216161552878e-06 -3.847028856357024467e-05
-2.961845956866495763e-07 -7.117298733048196792e-07 -5.476341551423340333e-06 -1.441334020980560883e-04 -2.768414919427456553e-04 5.305916069990378922e-06 -2.187294529161047392e-06 2.024861478385535794e-05 -1.579964804398611630e-03 2.522375086297046643e-03 5.075311453514152332e-05 -4.420758262765449455e-05 1.493188210775375739e-05 1.436039604919676421e-05 -5.038370978812913062e-06 -4.538735090449800197e-06 -7.166277013557950604e-06 1.302384115365992818e-04 -1.025054401569813333e-04 1.205143152461008431e-06 2.483842766919957151e-06 4.244574616531234731e-06 1.973271919182683526e-06 -2.127568280739490567e-06 2.429460166168938515e-06 4.866635963909192876e-05 -1.633269490521333072e-06 -4.607503862843434928e-05
1.476937663523938935e-07 3.548720229525223544e-07 2.730059962236299902e-06 7.189223176941627648e-05 1.382078121087719133e-04 -3.758961831542248109e-06 1.565312970633674353e-06 -1.114092550388786947e-05 7.790154978559738755e-04 -1.161144011255289040e-03 -3.194768264885795763e-05 2.037409919332939441e-05 -5.446178369584270027e-06 -5.038370978812913062e-06 2.648121604627539308e-06 1.674902267608121919e-06 2.381394371013948719e-06 -5.494909969112236284e-04 3.206874064015518438e-04 -1.341879813769636323e-06 -2.949997712897752100e-07 -1.440693087702203912e-06 -1.214681662299304984e-06 4.045778147920848596e-07 -2.828596302146986729e-07 -1.457956983034885967e-04 3.082175874046007703e-06 1.447918344948756974e-04
7.968844580296342924e-08 1.914955956236585498e-07 1.473538771013757178e-06 3.884408520766307845e-05 7.470101854140039120e-05 -7.813446423169122797e-07 3.119554033018296517e-07 -4.881898956148798097e-06 4.250916584459820367e-04 -6.750981640712785427e-04 -7.873240112801902277e-06 1.201358492584910638e-05 -4.632851048520298061e-06 -4.538735090449800197e-06 1.674902267608121919e-06 1.616557968430736905e-06 2.542047487239175388e-06 -3.328874699004715876e-04 1.656362839298725716e-04 -1.157486980602392601e-06 -5.181756254491928582e-07 -1.680582481786367102e-06 -7.754535853535651114e-07 8.531410877532587773e-07 -8.882607745822589609e-07 -8.403981598432035463e-05 2.270721178249842617e-06 8.745050874618788886e-05
1.159541617341465856e-07 2.786500527522581136e-07 2.144268186023369593e-06 5.653080079821521054e-05 1.087090323322653564e-04 -3.768188855549606749e-07 1.304468720357233389e-07 -6.795054215612005020e-06 6.191376758739151756e-04 -9.930233829792969261e-04 -5.726491296174658105e-06 1.769412329338802858e-05 -7.242061179952548240e-06 -7.166277013557950604e-06 2.381394371013948719e-06 2.542047487239175388e-06 4.099495802195286947e-06 -3.815667364517448686e-04 1.900580275473836742e-04 -1.670425077118519966e-06 -9.495305998186874219e-07 -2.702862222263675385e-06 -9.969405270850180582e-07 1.458764326581717549e-06 -1.542309319101733384e-06 -1.099328663334756104e-04 3.348167266958351743e-06 1.180980214820845099e-04
2.959469633734551228e-10 7.109725201981566304e-10 5.467864412655531190e-09 1.448834266741429856e-07 2.844267047561796322e-07 -5.015472670701835818e-10 5.183201545211070856e-10 -1.714228911372740391e-05 1.333100134686461602e-06 -2.529386721818131214e-06 -1.010799260430038747e-08 -6.124777907145252393e-05 1.109431345915045790e-04 1.302384115365992818e-04 -5.494909969112236284e-04 -3.328874699004715876e-04 -3.815667364517448686e-04 9.999980472420638700e-01 5.249544785037538411e-06 5.498589366010879931e-04 -2.835980117217181372e-04 1.734754805133102414e-04 -3.150576258080069127e-04 -3.173759667550436975e-04 3.325653503873133459e-04 -2.234327101629097860e-05 -4.205061225067489557e-04 2.362529639694808381e-05
-4.873972637350763601e-11 -1.168193973301359229e-10 -8.943767974419524140e-10 -2.398460592526758621e-08 -5.088421131716895128e-08 -1.550701119689602932e-08 6.297467185553188141e-09 1.360174280232791926e-05 -1.472211976405545234e-07 1.016929785616758890e-06 -1.145809993576316521e-07 4.923566782226109937e-05 -8.770626140994177875e-05 -1.025054401569813333e-04 3.206874064015518438e-04 1.656362839298725716e-04 1.900580275473836742e-04 5.249544785037538411e-06 9.999729964083119427e-01 -4.222049472353142999e-03 2.220751277773519005e-03 -6.378448306416457849e-04 7.115785210004864966e-04 6.547970230804405932e-04 -6.620450070441063952e-04 4.051729313379593523e-05 8.069452936469147198e-04 -4.232835476650702962e-05
1.397400520678962744e-08 3.356636764436243309e-08 2.580869653776465746e-07 6.767172783159500788e-06 1.296008373083579014e-05 -2.014953269410605971e-06 8.536364098885320654e-07 -1.545543123930793607e-06 6.595202829482963585e-05 -7.705739317301536252e-05 -1.533096582314635422e-05 1.096110158842234483e-06 9.567678212985043043e-07 1.205143152461008431e-06 -1.341879813769636323e-06 -1.157486980602392601e-06 -1.670425077118519966e-06 5.498589366010879931e-04 -4.222049472353142999e-03 1.897507336717318380e-05 -9.837350327792112974e-06 3.203214939656244464e-06 -4.960506098199481421e-06 -4.152264509759092230e-06 4.629446708767871487e-06 -3.374337605611299647e-04 3.775994628857134588e-06 2.894492462491389724e-04
-5.196485382391430651e-08 -1.248572060300202741e-07 -9.605113616446011552e-07 -2.529237742047789442e-05 -4.862341465255223539e-05 7.100447186169294450e-07 -2.899098608084676447e-07 3.119531966574700493e-06 -2.750911678771931438e-04 4.266000674503738605e-04 6.517024398635016596e-06 -7.557085241787633243e-06 2.631807153690427939e-06 2.483842766919957151e-06 -2.949997712897752100e-07 -5.181756254491928582e-07 -9.495305998186874219e-07 -2.835980117217181372e-04 2.220751277773519005e-03 -9.837350327792112974e-06 6.114799346894617828e-06 -3.359601390385847595e-07 4.036146796364098083e-06 1.789118970835661892e-06 -2.120732270734928813e-06 3.242068179632112213e-04 -4.571148158280435399e-06 -3.252036966110428669e-04
-4.582223914742356162e-08 -1.101098561437866669e-07 -8.472338828018290193e-07 -2.234801389629831713e-05 -4.302776697480626333e-05 -1.081626202182670191e-06 4.711278812820320608e-07 1.803204071065059963e-06 -2.522680662591328285e-04 4.251317872830906951e-04 -6.919214080415519643e-06 -7.805732792183081109e-06 4.189398392132149167e-06 4.244574616531234731e-06 -1.440693087702203912e-06 -1.680582481786367102e-06 -2.702862222263675385e-06 1.734754805133102414e-04 -6.378448306416457849e-04 3.203214939656244464e-06 -3.359601390385847595e-07 2.308488240818027272e-06 8.405886572469005589e-07 -1.400001478681332978e-06 1.488861570541897994e-06 6.068917024279964927e-05 -7.771676228555042494e-07 -1.143853253239365960e-04
-3.242603200459050723e-08 -7.790460327665603276e-08 -5.992221802678282263e-07 -1.576624189381809084e-05 -3.029436099655063026e-05 1.409290237268792831e-06 -5.910060104931659033e-07 1.233058662525977253e-06 -1.702193572181653577e-04 2.753213524009764848e-04 1.131745064444968954e-05 -5.212141509767688988e-06 2.147789886883321481e-06 1.973271919182683526e-06 -1.214681662299304984e-06 -7.754535853535651114e-07 -9.969405270850180582e-07 -3.150576258080069127e-04 7.115785210004864966e-04 -4.960506098199481421e-06 4.036146796364098083e-06 8.405886572469005589e-07 8.438708466755950004e-06 3.630684241378825039e-06 -5.417442886138573674e-06 1.638344218048718532e-03 -4.000345197322576911e-05 -1.340891167196177998e-03
7.938252658625591253e-09 1.906103138661939853e-08 1.464445795751437292e-07 3.842183094835955568e-06 7.405124732282298272e-06 1.718486931295129005e-06 -7.311915730274103170e-07 5.378713705229633080e-07 4.889630002459808894e-05 -9.789347189704912587e-05 1.263859788928181365e-05 1.945964265048966924e-06 -2.002014332621060607e-06 -2.127568280739490567e-06 4.045778147920848596e-07 8.531410877532587773e-07 1.458764326581717549e-06 -3.173759667550436975e-04 6.547970230804405932e-04 -4.152264509759092230e-06 1.789118970835661892e-06 -1.400001478681332978e-06 3.630684241378825039e-06 3.532542143600834077e-06 -4.973881025982963127e-06 1.168145500120498391e-03 -3.330200392867697803e-05 -7.980675001560519517e-04
-5.051861646781973018e-09 -1.212440995752706471e-08 -9.306197951985975438e-08 -2.437841930872299130e-06 -4.714292652596671119e-06 -1.826716537763030122e-06 7.767666079644272804e-07 -1.108960611262372735e-06 -3.544256506354529537e-05 8.768967370259476252e-05 -1.347916418149181446e-05 -1.815679794811166406e-06 2.294206748177290676e-06 2.429460166168938515e-06 -2.828596302146986729e-07 -8.882607745822589609e-07 -1.542309319101733384e-06 3.325653503873133459e-04 -6.620450070441063952e-04 4.629446708767871487e-06 -2.120732270734928813e-06 1.488861570541897994e-06 -5.417442886138573674e-06 -4.973881025982963127e-06 7.253173736776488533e-06 -1.920265747921567120e-03 5.695650012254768589e-05 1.229215988367451983e-03
-3.902992231256601697e-10 -9.408246683111697283e-10 -7.283340504699079007e-09 -1.969124809554563450e-07 -3.789961640481964398e-07 1.159573643015828061e-07 -4.889601898739381312e-08 -5.086039592029973673e-06 -1.749496016109500280e-06 4.381541762621428770e-07 8.754248061216322404e-07 -2.544100107160453524e-05 4.096682293694598489e-05 4.866635963909192876e-05 -1.457956983034885967e-04 -8.403981598432035463e-05 -1.099328663334756104e-04 -2.234327101629097860e-05 4.051729313379593523e-05 -3.374337605611299647e-04 3.242068179632112213e-04 6.068917024279964927e-05 1.638344218048718532e-03 1.168145500120498391e-03 -1.920265747921567120e-03 9.982600774731817950e-01 -4.011148006565711660e-02 8.594767151072566901e-05
-1.220183150370346782e-08 -2.933963718616396182e-08 -2.260433305351786438e-07 -5.993953511747433036e-06 -1.153916581891480986e-05 2.222700996432759010e-06 -9.393612583973887094e-07 7.224122673386752048e-07 -6.173858821294568816e-05 1.044172603503937637e-04 1.698376965876457743e-05 -1.356556483918399145e-06 -1.117191216161552878e-06 -1.633269490521333072e-06 3.082175874046007703e-06 2.270721178249842617e-06 3.348167266958351743e-06 -4.205061225067489557e-04 8.069452936469147198e-04 3.775994628857134588e-06 -4.571148158280435399e-06 -7.771676228555042494e-07 -4.000345197322576911e-05 -3.330200392867697803e-05 5.695650012254768589e-05 -4.011148006565711660e-02 1.822931068405408582e-03 -1.381901294719623148e-02
2.787371062223753408e-10 6.740108250898670589e-10 5.249127230019737268e-09 1.453649700913305619e-07 2.806195920337181944e-07 -1.248886288389267639e-07 5.271263146748815266e-08 4.249548967803097345e-06 9.178597997048168568e-07 2.695782794586476441e-06 -9.356930128431332640e-07 2.499585064139730740e-05 -3.847028856357024467e-05 -4.607503862843434928e-05 1.447918344948756974e-04 8.745050874618788886e-05 1.180980214820845099e-04 2.362529639694808381e-05 -4.232835476650702962e-05 2.894492462491389724e-04 -3.252036966110428669e-04 -1.143853253239365960e-04 -1.340891167196177998e-03 -7.980675001560519517e-04 1.229215988367451983e-03 8.594767151072566901e-05 -1.381901294719623148e-02 9.951750132908179225e-01
