9.999999999982208676e-01 -4.260000280716593697e-12 -3.262123235596275252e-11 -8.403808327065706604e-10 -1.606305184138017587e-09 2.007303265421198678e-11 -8.321970277645532907e-12 -5.175708507140405901e-09 -1.083265133170472096e-08 1.985369742315867467e-08 3.798646016514111759e-10 8.027160632542523873e-07 -3.108775962046397750e-07 -2.872959533598974920e-07 1.461769774356459277e-07 7.678042443867539162e-08 1.109419025191023189e-07 2.331058197570820513e-10 1.507733989602873213e-11 1.535113954842311277e-08 -5.058140695523892983e-08 -4.267409023332874251e-08 -3.184506517250846627e-08 6.167640217594617675e-09 -3.024122743921175972e-09 -5.179684932392425002e-10 -1.283893825591982164e-08 4.686991282455567413e-10 9.614388672309833615e-09 9.892929006077559465e-12 -1.255174918451813192e-08 7.206834747754877015e-09
-4.260000280716593697e-12 9.999999999897899450e-01 -7.819835852789689028e-11 -2.014745721008287937e-09 -3.851192303207105095e-09 4.823933549654772348e-11 -2.000039432688137003e-11 -1.240016608594618671e-08 -2.597933850081900899e-08 4.762944918772840516e-08 9.126116223173287994e-10 1.928728712803550325e-06 -7.471238226874067593e-07 -6.904728740886440736e-07 3.512358122000050349e-07 1.845412465764421613e-07 2.666644157940336273e-07 5.601430767393712377e-10 3.619359023617619922e-11 3.685785961050790013e-08 -1.215476206057249293e-07 -1.025829852433854392e-07 -7.651703492193898290e-08 1.482757098249876512e-08 -7.277436610541055987e-09 -1.246202334863477622e-09 -3.086615347506403911e-08 1.128134827293815471e-09 2.311489106705193926e-08 2.420700521215465929e-11 -3.018998136495999898e-08 1.730661750170321076e-08
-3.262123235596275252e-11 -7.819835852789689028e-11 9.999999994011408155e-01 -1.543279682433438112e-08 -2.950290753799700616e-08 3.712392238187606631e-10 -1.539351228404649543e-10 -9.486209711282879925e-08 -1.991338289574177777e-07 3.653148816938068619e-07 7.019167974209906903e-09 1.483789767772627294e-05 -5.749962620508985844e-06 -5.314293411734217491e-06 2.702207705707430100e-06 1.420525557356401453e-06 2.052914192818776448e-06 4.309867428494005668e-09 2.780168900894523337e-10 2.831507146601936127e-07 -9.352649005246178087e-07 -7.898820722138261900e-07 -5.886713918971893214e-07 1.141853107943510442e-07 -5.614668512763619391e-08 -9.612236846220122626e-09 -2.377238428952445283e-07 8.708589866397042015e-09 1.780387801374567379e-07 1.927557720271209814e-10 -2.327293015223555826e-07 1.329968334478632043e-07
-8.403808327065706604e-10 -2.014745721008287937e-09 -1.543279682433438112e-08 9.999996018011581000e-01 -7.616777539422177753e-07 9.814031799579049055e-09 -4.071711482984922776e-09 -2.431628749154435849e-06 -5.157914083600480863e-06 9.495606405281527097e-06 1.850911937335224175e-07 3.919341528743969846e-04 -1.514667382121971575e-04 -1.399953049999628032e-04 7.115126279216533133e-05 3.749076422045687058e-05 5.420304400293695084e-05 1.135661235039778890e-07 7.206471990554379969e-09 7.397398850430546380e-06 -2.464375035576645118e-05 -2.089160915409005482e-05 -1.549802941136138720e-05 3.024843772932212060e-06 -1.505398609315062537e-06 -2.563331721074192741e-07 -6.293962263307036966e-06 2.330173133384401388e-07 4.713221911951171841e-06 5.969865474842783972e-09 -6.195925440351482466e-06 3.482022410693664981e-06
-1.606305184138017587e-09 -3.851192303207105095e-09 -2.950290753799700616e-08 -7.616777539422177753e-07 9.999985426512121300e-01 1.898451815415971795e-08 -7.878648632964589445e-09 -4.638807868511946409e-06 -9.886720142779618591e-06 1.823575836885644235e-05 3.578850205579281330e-07 7.590235330488586882e-04 -2.909074228866813730e-04 -2.687512558858997790e-04 1.366748911355090935e-04 7.205697228398005535e-05 1.041775899833838050e-04 2.185133372010322032e-07 1.339790275877973294e-08 1.415422907886884041e-05 -4.734399109108578430e-05 -4.020986499084489550e-05 -2.976014859395207719e-05 5.835732822361528629e-06 -2.928145887506809122e-06 -4.941596283172992300e-07 -1.210806625876303137e-05 4.494361929157880775e-07 9.061978758089302724e-06 1.214033442390707206e-08 -1.195619238610809251e-05 6.673828315353577666e-06
2.007303265421198678e-11 4.823933549654772348e-11 3.712392238187606631e-10 9.814031799579049055e-09 1.898451815415971795e-08 9.999999994665392800e-01 2.242300549008248414e-10 4.682440955481962107e-08 1.421407871782649100e-07 -2.972692602660499551e-07 -9.331261298217079909e-09 -2.046876553882848011e-05 6.328086735424683132e-06 5.252753701902458972e-06 -3.722644052534217614e-06 -7.647264369787574048e-07 -3.536263187816928340e-07 1.377791254541803113e-09 -1.693830043613038128e-08 -2.010458776128901922e-06 6.982837184907371843e-07 -1.090361678143986154e-06 1.402443998069545694e-06 1.719241544978975611e-06 -1.826357455220572392e-06 1.163106152410809505e-07 2.220222226354791489e-06 -1.250966732331349960e-07 -1.893543878953916527e-06 -3.755676461746446227e-09 1.880959034606135420e-06 -6.856610903400680285e-08
-8.321970277645532907e-12 -2.000039432688137003e-11 -1.539351228404649543e-10 -4.071711482984922776e-09 -7.878648632964589445e-09 2.242300549008248414e-10 9.999999999057280764e-01 -1.931400179123989660e-08 -5.917427926332518966e-08 1.241694007371528159e-07 3.925742783332551154e-09 8.631458026580639668e-06 -2.608385597194845571e-06 -2.153700348568256419e-06 1.542942562147328570e-06 3.014300304058323542e-07 1.156620167600301686e-07 -6.355930476064207706e-10 7.178443708256150717e-09 8.510025248802198379e-07 -2.825394997715416883e-07 4.768403779497312101e-07 -5.866423269985208040e-07 -7.318217150657945798e-07 7.767703174410184227e-07 -4.912541794399749594e-08 -9.377601084924319963e-07 5.286496244515641018e-08 8.004486395480805405e-07 1.562211203522476979e-09 -7.925668974392609394e-07 2.732851971707061910e-08
-5.175708507140405901e-09 -1.240016608594618671e-08 -9.486209711282879925e-08 -2.431628749154435849e-06 -4.638807868511946409e-06 4.682440955481962107e-08 -1.931400179123989660e-08 9.999839316182352889e-01 -3.112106160777205468e-05 5.613454666866857966e-05 9.337672912939856506e-07 1.991481856709147874e-03 -5.852273356675643948e-04 -5.408187751274122186e-04 3.344974242139289104e-04 1.719665446452884098e-04 2.465885802616362712e-04 5.275616046746302854e-07 5.466788769296279816e-09 3.157598880699996559e-05 -1.168283806498349490e-04 -1.032175159757647436e-04 -7.193563061295445539e-05 1.925238780732374110e-05 -1.280478179558890381e-05 -9.193532817387591349e-07 -2.534707310469016479e-05 7.111383449860128712e-07 1.751096049918509417e-05 1.359019744936115072e-08 -2.760629272565634978e-05 1.762798549518645910e-05
-1.083265133170472096e-08 -2.597933850081900899e-08 -1.991338289574177777e-07 -5.157914083600480863e-06 -9.886720142779618591e-06 1.421407871782649100e-07 -5.917427926332518966e-08 -3.112106160777205468e-05 9.999314583220326735e-01 1.294943693294711576e-04 2.724438689940492199e-06 5.993418789829231888e-03 -1.685329993596055859e-03 -1.528498867920985611e-03 7.771268862022573561e-04 4.079773482955088219e-04 5.884331449115912669e-04 1.359698967491761115e-06 -4.870265628957065939e-08 7.676892628877258042e-05 -2.678526002712671643e-04 -2.315570180283290118e-04 -1.669856140167793712e-04 3.645336391209450113e-05 -2.069951448001232665e-05 -2.587107599578353999e-06 -6.594459419368415534e-05 2.275255008650234904e-06 4.837405020073611364e-05 6.224041694782709567e-08 -6.728922212663225870e-05 3.798548576842628033e-05
1.985369742315867467e-08 4.762944918772840516e-08 3.653148816938068619e-07 9.495606405281527097e-06 1.823575836885644235e-05 -2.972692602660499551e-07 1.241694007371528159e-07 5.613454666866857966e-05 1.294943693294711576e-04 9.997483801067494902e-01 -5.764886941158599741e-06 -1.310278253897802225e-02 2.574754792550500333e-03 2.296948580654747420e-03 -1.141496839398073058e-03 -5.994773607520695541e-04 -8.642253880697917286e-04 -2.294374369779443202e-06 3.454450499555652902e-07 -1.086357989759147044e-04 3.916658202548866079e-04 3.426577548495010573e-04 2.425567767681608333e-04 -5.680847491947371095e-05 3.434642494657059357e-05 3.452951759536847193e-06 9.336933214233715951e-05 -2.933562624768211140e-06 -6.751298309299051843e-05 -6.061082418955387299e-08 9.720895506329806817e-05 -5.583520407797834908e-05
3.798646016514111759e-10 9.126116223173287994e-10 7.019167974209906903e-09 1.850911937335224175e-07 3.578850205579281330e-07 -9.331261298217079909e-09 3.925742783332551154e-09 9.337672912939856506e-07 2.724438689940492199e-06 -5.764886941158599741e-06 9.999998254564618216e-01 -4.062118835449728799e-04 6.170101908203447986e-05 5.043539062452988839e-05 -3.194643356358595486e-05 -7.765777204305618952e-06 -5.538690576440985389e-06 -1.126846106582303961e-08 -1.144859127985586632e-07 -1.538659340429208872e-05 6.470948485381847292e-06 -7.044798118667838079e-06 1.127248752228757818e-05 1.270496367937694276e-05 -1.356577438959597233e-05 8.800187567309748240e-07 1.697110809491315822e-05 -9.445421136447045178e-07 -1.442664729537541708e-05 -2.841671246292700733e-08 1.447699022524944534e-05 -6.806575365080339674e-07
8.027160632542523873e-07 1.928728712803550325e-06 1.483789767772627294e-05 3.919341528743969846e-04 7.590235330488586882e-04 -2.046876553882848011e-05 8.631458026580639668e-06 1.991481856709147874e-03 5.993418789829231888e-03 -1.310278253897802225e-02 -4.062118835449728799e-04 2.149358121920764801e-04 -5.714580993750583289e-05 -5.303423904390573723e-05 2.156084368109338861e-05 1.488022423763881446e-05 2.282228079395989766e-05 -6.119555694032868007e-05 4.917940427914433229e-05 -7.032120133227881144e-07 -8.838390509206869302e-06 -1.115268032159168729e-05 -5.277788082863860386e-06 4.067255577804412905e-06 -4.132938922564745039e-06 -2.529739322264602569e-05 8.191511860503221352e-08 2.479991033089730385e-05 -2.655105520917143887e-06 3.994395638999332740e-06 -4.114984040767063835e-06 3.404777263645297436e-06
-3.108775962046397750e-07 -7.471238226874067593e-07 -5.749962620508985844e-06 -1.514667382121971575e-04 -2.909074228866813730e-04 6.328086735424683132e-06 -2.608385597194845571e-06 -5.852273356675643948e-04 -1.685329993596055859e-03 2.574754792550500333e-03 6.170101908203447986e-05 -5.714580993750583289e-05 7.146491870211711271e-05 7.377578096243658312e-05 -9.522869125737714493e-06 -2.404787697127558913e-05 -4.247015854868494171e-05 1.108204039886826077e-04 -8.748298894157575240e-05 1.423106658638057754e-05 1.092121041996994879e-05 2.796770786298511440e-05 3.287300394346859788e-06 -1.719644912024932806e-05 1.940019414961175604e-05 3.993637491655407923e-05 -9.932856662024606235e-06 -3.696456757246610424e-05 1.569771189289855204e-05 -2.120533181990872954e-06 5.158037039761808511e-06 -9.850081546827005395e-06
-2.872959533598974920e-07 -6.904728740886440736e-07 -5.314293411734217491e-06 -1.399953049999628032e-04 -2.687512558858997790e-04 5.252753701902458972e-06 -2.153700348568256419e-06 -5.408187751274122186e-04 -1.528498867920985611e-03 2.296948580654747420e-03 5.043539062452988839e-05 -5.303423904390573723e-05 7.377578096243658312e-05 7.641634220297536953e-05 -9.294032125379197846e-06 -2.503043735941607082e-05 -4.437955548622487194e-05 1.301096922631119574e-04 -1.022695802439878738e-04 1.529027920893174971e-05 1.123146387644994368e-05 2.939815835352922198e-05 3.111245239200903779e-06 -1.824398039633033330e-05 2.055584186806195244e-05 4.757020403724937665e-05 -1.105762368351581369e-05 -4.447640585041878216e-05 1.731071398478361393e-05 -1.883554305264837557e-06 4.501222602282927458e-06 -1.011340041722121679e-05
1.461769774356459277e-07 3.512358122000050349e-07 2.702207705707430100e-06 7.115126279216533133e-05 1.366748911355090935e-04 -3.722644052534217614e-06 1.542942562147328570e-06 3.344974242139289104e-04 7.771268862022573561e-04 -1.141496839398073058e-03 -3.194643356358595486e-05 2.156084368109338861e-05 -9.522869125737714493e-06 -9.294032125379197846e-06 3.057947505140700045e-06 3.067406770080210472e-06 4.857335299918330567e-06 -5.494776693490136454e-04 3.206687889595937011e-04 -2.175120813636894392e-06 -9.059451611643579607e-07 -3.064755300358537955e-06 -1.396504075669288963e-06 1.384331492844673029e-06 -1.405274037552301549e-06 -1.457302841085468580e-04 3.541876231389208451e-06 1.446930980971531408e-04 -1.090443228446845237e-05 2.508705902970896599e-05 -1.833415670497166602e-06 1.723785338264478714e-06
7.678042443867539162e-08 1.845412465764421613e-07 1.420525557356401453e-06 3.749076422045687058e-05 7.205697228398005535e-05 -7.647264369787574048e-07 3.014300304058323542e-07 1.719665446452884098e-04 4.079773482955088219e-04 -5.994773607520695541e-04 -7.765777204305618952e-06 1.488022423763881446e-05 -2.404787697127558913e-05 -2.503043735941607082e-05 3.067406770080210472e-06 8.396737073443304563e-06 1.486985282744374342e-05 -3.328446820263402978e-04 1.655575181720286555e-04 -5.853302535024533377e-06 -3.415865217318629775e-06 -1.003387596308287362e-05 -1.124398044019509586e-06 6.228141867087850094e-06 -6.924162123011401543e-06 -8.367142944407678139e-05 5.445415507299136481e-06 8.691498625083489448e-05 -1.109247613331196798e-05 5.524087223245297459e-06 -1.302261339689025571e-06 3.536040519308106356e-06
1.109419025191023189e-07 2.666644157940336273e-07 2.052914192818776448e-06 5.420304400293695084e-05 1.041775899833838050e-04 -3.536263187816928340e-07 1.156620167600301686e-07 2.465885802616362712e-04 5.884331449115912669e-04 -8.642253880697917286e-04 -5.538690576440985389e-06 2.282228079395989766e-05 -4.247015854868494171e-05 -4.437955548622487194e-05 4.857335299918330567e-06 1.486985282744374342e-05 2.656275161634196738e-05 -3.814893296352044874e-04 1.899142394515645181e-04 -1.032400844510107030e-05 -6.211422270570478429e-06 -1.796861445301694153e-05 -1.510211593864927130e-06 1.134801085067916605e-05 -1.261616210951309370e-05 -1.092523710900979714e-04 9.331042907480209241e-06 1.171142459993068798e-04 -1.755231360380767045e-05 3.142421300803244892e-08 -1.152980137766528037e-06 5.833871234579222944e-06
2.331058197570820513e-10 5.601430767393712377e-10 4.309867428494005668e-09 1.135661235039778890e-07 2.185133372010322032e-07 1.377791254541803113e-09 -6.355930476064207706e-10 5.275616046746302854e-07 1.359698967491761115e-06 -2.294374369779443202e-06 -1.126846106582303961e-08 -6.119555694032868007e-05 1.108204039886826077e-04 1.301096922631119574e-04 -5.494776693490136454e-04 -3.328446820263402978e-04 -3.814893296352044874e-04 9.999980478011666341e-01 5.248828212504753600e-06 5.498301190551993598e-04 -2.836170313253607678e-04 1.734233803629427445e-04 -3.150590485463743520e-04 -3.173421688366994211e-04 3.325280809259640756e-04 -2.234083578449366249e-05 -4.204845904690901752e-04 2.362189199828178661e-05 3.513295896777096530e-04 8.129519019427378211e-07 -3.600146730322573391e-04 2.013522542203988343e-05
1.507733989602873213e-11 3.619359023617619922e-11 2.780168900894523337e-10 7.206471990554379969e-09 1.339790275877973294e-08 -1.693830043613038128e-08 7.178443708256150717e-09 5.466788769296279816e-09 -4.870265628957065939e-08 3.454450499555652902e-07 -1.144859127985586632e-07 4.917940427914433229e-05 -8.748298894157575240e-05 -1.022695802439878738e-04 3.206687889595937011e-04 1.655575181720286555e-04 1.899142394515645181e-04 5.248828212504753600e-06 9.999729975162483520e-01 -4.221993470665661233e-03 2.220785553942922642e-03 -6.377466276458122925e-04 7.115801668495752401e-04 6.547323618360349762e-04 -6.619734555034348291e-04 4.051265675958736189e-05 8.069038273723205942e-04 -4.232181423638054629e-05 -6.610814602296748946e-04 -1.015848268106144502e-06 6.788143940518844618e-04 -4.308423259639779294e-05
1.535113954842311277e-08 3.685785961050790013e-08 2.831507146601936127e-07 7.397398850430546380e-06 1.415422907886884041e-05 -2.010458776128901922e-06 8.510025248802198379e-07 3.157598880699996559e-05 7.676892628877258042e-05 -1.086357989759147044e-04 -1.538659340429208872e-05 -7.032120133227881144e-07 1.423106658638057754e-05 1.529027920893174971e-05 -2.175120813636894392e-06 -5.853302535024533377e-06 -1.032400844510107030e-05 5.498301190551993598e-04 -4.221993470665661233e-03 2.250178271927590908e-05 -7.846199339948713091e-06 9.172946604443087967e-06 -5.007299626859046863e-06 -8.151399050707715664e-06 9.045488147817561637e-06 -3.377143393868969759e-04 1.075938213767545007e-06 2.898440928209833605e-04 -1.345884197586383735e-05 9.614385892402208043e-05 -3.243384869673235977e-06 -7.543179647306117298e-07
-5.058140695523892983e-08 -1.215476206057249293e-07 -9.352649005246178087e-07 -2.464375035576645118e-05 -4.734399109108578430e-05 6.982837184907371843e-07 -2.825394997715416883e-07 -1.168283806498349490e-04 -2.678526002712671643e-04 3.916658202548866079e-04 6.470948485381847292e-06 -8.838390509206869302e-06 1.092121041996994879e-05 1.123146387644994368e-05 -9.059451611643579607e-07 -3.415865217318629775e-06 -6.211422270570478429e-06 -2.836170313253607678e-04 2.220785553942922642e-03 -7.846199339948713091e-06 7.358214990716689479e-06 3.226991862309467826e-06 4.203944040775773952e-06 -4.971022682838037287e-07 4.493759390492414171e-07 3.240492083842291707e-04 -5.900278729541029900e-06 -3.249741656040857924e-04 2.265333335315107403e-05 -3.741513890800327079e-05 4.360697787670098079e-06 -2.935697286145614928e-06
-4.267409023332874251e-08 -1.025829852433854392e-07 -7.898820722138261900e-07 -2.089160915409005482e-05 -4.020986499084489550e-05 -1.090361678143986154e-06 4.768403779497312101e-07 -1.032175159757647436e-04 -2.315570180283290118e-04 3.426577548495010573e-04 -7.044798118667838079e-06 -1.115268032159168729e-05 2.796770786298511440e-05 2.939815835352922198e-05 -3.064755300358537955e-06 -1.003387596308287362e-05 -1.796861445301694153e-05 1.734233803629427445e-04 -6.377466276458122925e-04 9.172946604443087967e-06 3.226991862309467826e-06 1.272927830368419849e-05 1.086099711692433951e-06 -8.212540052992192962e-06 9.089986658685064039e-06 6.021649968036141276e-05 -5.015492603675802742e-06 -1.137067914948417121e-04 1.383662795611364131e-05 5.393736448212493753e-05 3.965938039949549381e-06 -4.865000903281932800e-06
-3.184506517250846627e-08 -7.651703492193898290e-08 -5.886713918971893214e-07 -1.549802941136138720e-05 -2.976014859395207719e-05 1.402443998069545694e-06 -5.866423269985208040e-07 -7.193563061295445539e-05 -1.669856140167793712e-04 2.425567767681608333e-04 1.127248752228757818e-05 -5.277788082863860386e-06 3.287300394346859788e-06 3.111245239200903779e-06 -1.396504075669288963e-06 -1.124398044019509586e-06 -1.510211593864927130e-06 -3.150590485463743520e-04 7.115801668495752401e-04 -5.007299626859046863e-06 4.203944040775773952e-06 1.086099711692433951e-06 8.784046803417376055e-06 3.640703626939633932e-06 -5.343259819779538168e-06 1.638350158578612704e-03 -3.960796827491431783e-05 -1.340884901277754771e-03 9.528941745966496935e-05 -2.670886259719652497e-04 -1.346654128307546649e-06 -3.536807426384590020e-06
6.167640217594617675e-09 1.482757098249876512e-08 1.141853107943510442e-07 3.024843772932212060e-06 5.835732822361528629e-06 1.719241544978975611e-06 -7.318217150657945798e-07 1.925238780732374110e-05 3.645336391209450113e-05 -5.680847491947371095e-05 1.270496367937694276e-05 4.067255577804412905e-06 -1.719644912024932806e-05 -1.824398039633033330e-05 1.384331492844673029e-06 6.228141867087850094e-06 1.134801085067916605e-05 -3.173421688366994211e-04 6.547323618360349762e-04 -8.151399050707715664e-06 -4.971022682838037287e-07 -8.212540052992192962e-06 3.640703626939633932e-06 8.078125650597702318e-06 -1.000165963155878095e-05 1.168465179406742976e-03 -3.028090892798827901e-05 -7.985187778373851195e-04 5.559849747372704666e-05 -3.264825146999470601e-04 -1.305215243490109671e-05 3.480943244566865526e-06
-3.024122743921175972e-09 -7.277436610541055987e-09 -5.614668512763619391e-08 -1.505398609315062537e-06 -2.928145887506809122e-06 -1.826357455220572392e-06 7.767703174410184227e-07 -1.280478179558890381e-05 -2.069951448001232665e-05 3.434642494657059357e-05 -1.356577438959597233e-05 -4.132938922564745039e-06 1.940019414961175604e-05 2.055584186806195244e-05 -1.405274037552301549e-06 -6.924162123011401543e-06 -1.261616210951309370e-05 3.325280809259640756e-04 -6.619734555034348291e-04 9.045488147817561637e-06 4.493759390492414171e-07 9.089986658685064039e-06 -5.343259819779538168e-06 -1.000165963155878095e-05 1.283644509189448693e-05 -1.920617526516031409e-03 5.371167543244988044e-05 1.229716404914602554e-03 -8.911409056113090159e-05 4.643239185818502255e-04 2.155021340223903107e-05 -4.744803062446578818e-06
-5.179684932392425002e-10 -1.246202334863477622e-09 -9.612236846220122626e-09 -2.563331721074192741e-07 -4.941596283172992300e-07 1.163106152410809505e-07 -4.912541794399749594e-08 -9.193532817387591349e-07 -2.587107599578353999e-06 3.452951759536847193e-06 8.800187567309748240e-07 -2.529739322264602569e-05 3.993637491655407923e-05 4.757020403724937665e-05 -1.457302841085468580e-04 -8.367142944407678139e-05 -1.092523710900979714e-04 -2.234083578449366249e-05 4.051265675958736189e-05 -3.377143393868969759e-04 3.240492083842291707e-04 6.021649968036141276e-05 1.638350158578612704e-03 1.168465179406742976e-03 -1.920617526516031409e-03 9.982601005298019636e-01 -4.011126213634832322e-02 8.591542437183063811e-05 8.135999907258505831e-03 -7.573844642192304095e-05 -5.161481032530717585e-03 4.775584662375822846e-04
-1.283893825591982164e-08 -3.086615347506403911e-08 -2.377238428952445283e-07 -6.293962263307036966e-06 -1.210806625876303137e-05 2.220222226354791489e-06 -9.377601084924319963e-07 -2.534707310469016479e-05 -6.594459419368415534e-05 9.336933214233715951e-05 1.697110809491315822e-05 8.191511860503221352e-08 -9.932856662024606235e-06 -1.105762368351581369e-05 3.541876231389208451e-06 5.445415507299136481e-06 9.331042907480209241e-06 -4.204845904690901752e-04 8.069038273723205942e-04 1.075938213767545007e-06 -5.900278729541029900e-06 -5.015492603675802742e-06 -3.960796827491431783e-05 -3.028090892798827901e-05 5.371167543244988044e-05 -4.011126213634832322e-02 1.825379368329793335e-03 -1.381930403036759833e-02 5.698109972243637624e-04 -2.193152657518838717e-03 1.073484170130898339e-04 -1.381732378277143263e-05
4.686991282455567413e-10 1.128134827293815471e-09 8.708589866397042015e-09 2.330173133384401388e-07 4.494361929157880775e-07 -1.250966732331349960e-07 5.286496244515641018e-08 7.111383449860128712e-07 2.275255008650234904e-06 -2.933562624768211140e-06 -9.445421136447045178e-07 2.479991033089730385e-05 -3.696456757246610424e-05 -4.447640585041878216e-05 1.446930980971531408e-04 8.691498625083489448e-05 1.171142459993068798e-04 2.362189199828178661e-05 -4.232181423638054629e-05 2.898440928209833605e-04 -3.249741656040857924e-04 -1.137067914948417121e-04 -1.340884901277754771e-03 -7.985187778373851195e-04 1.229716404914602554e-03 8.591542437183063811e-05 -1.381930403036759833e-02 9.951750590565249244e-01 -6.670982237081873878e-02 2.159903202611605788e-04 9.569400263293281750e-03 -9.897841930035621971e-04
9.614388672309833615e-09 2.311489106705193926e-08 1.780387801374567379e-07 4.713221911951171841e-06 9.061978758089302724e-06 -1.893543878953916527e-06 8.004486395480805405e-07 1.751096049918509417e-05 4.837405020073611364e-05 -6.751298309299051843e-05 -1.442664729537541708e-05 -2.655105520917143887e-06 1.569771189289855204e-05 1.731071398478361393e-05 -1.090443228446845237e-05 -1.109247613331196798e-05 -1.755231360380767045e-05 3.513295896777096530e-04 -6.610814602296748946e-04 -1.345884197586383735e-05 2.265333335315107403e-05 1.383662795611364131e-05 9.528941745966496935e-05 5.559849747372704666e-05 -8.911409056113090159e-05 8.135999907258505831e-03 5.698109972243637624e-04 -6.670982237081873878e-02 4.584316418745921357e-03 5.048322546880649325e-03 -7.004960070807017981e-04 7.726914492904278790e-05
9.892929006077559465e-12 2.420700521215465929e-11 1.927557720271209814e-10 5.969865474842783972e-09 1.214033442390707206e-08 -3.755676461746446227e-09 1.562211203522476979e-09 1.359019744936115072e-08 6.224041694782709567e-08 -6.061082418955387299e-08 -2.841671246292700733e-08 3.994395638999332740e-06 -2.120533181990872954e-06 -1.883554305264837557e-06 2.508705902970896599e-05 5.524087223245297459e-06 3.142421300803244892e-08 8.129519019427378211e-07 -1.015848268106144502e-06 9.614385892402208043e-05 -3.741513890800327079e-05 5.393736448212493753e-05 -2.670886259719652497e-04 -3.264825146999470601e-04 4.643239185818502255e-04 -7.573844642192304095e-05 -2.193152657518838717e-03 2.159903202611605788e-04 5.048322546880649325e-03 9.999137088969574094e-01 6.608569962067589558e-03 -2.654318449340082307e-04
-1.255174918451813192e-08 -3.018998136495999898e-08 -2.327293015223555826e-07 -6.195925440351482466e-06 -1.195619238610809251e-05 1.880959034606135420e-06 -7.925668974392609394e-07 -2.760629272565634978e-05 -6.728922212663225870e-05 9.720895506329806817e-05 1.447699022524944534e-05 -4.114984040767063835e-06 5.158037039761808511e-06 4.501222602282927458e-06 -1.833415670497166602e-06 -1.302261339689025571e-06 -1.152980137766528037e-06 -3.600146730322573391e-04 6.788143940518844618e-04 -3.243384869673235977e-06 4.360697787670098079e-06 3.965938039949549381e-06 -1.346654128307546649e-06 -1.305215243490109671e-05 2.155021340223903107e-05 -5.161481032530717585e-03 1.073484170130898339e-04 9.569400263293281750e-03 -7.004960070807017981e-04 6.608569962067589558e-03 3.204956851010198741e-04 -4.881972335513112539e-05
7.206834747754877015e-09 1.730661750170321076e-08 1.329968334478632043e-07 3.482022410693664981e-06 6.673828315353577666e-06 -6.856610903400680285e-08 2.732851971707061910e-08 1.762798549518645910e-05 3.798548576842628033e-05 -5.583520407797834908e-05 -6.806575365080339674e-07 3.404777263645297436e-06 -9.850081546827005395e-06 -1.011340041722121679e-05 1.723785338264478714e-06 3.536040519308106356e-06 5.833871234579222944e-06 2.013522542203988343e-05 -4.308423259639779294e-05 -7.543179647306117298e-07 -2.935697286145614928e-06 -4.865000903281932800e-06 -3.536807426384590020e-06 3.480943244566865526e-06 -4.744803062446578818e-06 4.775584662375822846e-04 -1.381732378277143263e-05 -9.897841930035621971e-04 7.726914492904278790e-05 -2.654318449340082307e-04 -4.881972335513112539e-05 1.138504551220866336e-05
