9.999999999999361622e-01 -1.480614312612144168e-13 -1.132215891715385350e-12 -2.891577068924484913e-11 -5.474344903798891302e-11 7.967701937793866792e-13 -3.255293581898538078e-13 -1.366761679872372991e-10 -2.925381458461094136e-10 4.169925545094307481e-10 7.175278506195815876e-12 -4.369138204459566444e-10 1.476930470386347538e-09 2.019011603506910513e-09 1.411449414063665797e-07 6.284518789257856526e-08 8.424936312273401076e-08 7.303677554734232884e-11 1.805513360468085564e-10 2.262256189031888106e-08 -4.569164242338793786e-08 -2.990784234965333596e-08 -3.224367476360866174e-08 -1.626544583524891816e-09 5.123123059606352987e-09 -8.908223524489313332e-10 -1.832763695657340215e-08 9.257943081868546671e-10 1.526237364090675268e-08 1.433172012468135524e-11 -1.513420348830440605e-08 5.862438964809474366e-09 -1.039723944881775852e-08 -1.309432115739647396e-08 4.641228766369602529e-09 4.773740943074993002e-10 -2.728167927997818614e-10 6.741300691509307503e-09 -4.997316662049047845e-09 -6.108465510386615125e-11 2.099745165648309197e-09 -1.976855720896841314e-09 -6.365944708234918306e-09 -2.365737398742183101e-09
-1.480614312612144168e-13 9.999999999996468381e-01 -2.713659251497952541e-12 -6.930991043787161545e-11 -1.312339643055528501e-10 1.914855367928800022e-12 -7.823609403709188816e-13 -3.275098987544862947e-10 -7.015931468536292450e-10 1.000254480710381092e-09 1.724074282096452660e-11 -1.045982939530891199e-09 3.544774242793499998e-09 4.847062804753687528e-09 3.391572565819062611e-07 1.511202377998623760e-07 2.026151761006621842e-07 1.756330105127907016e-10 4.335264512689133679e-10 5.429011735055132111e-08 -1.098209322169292995e-07 -7.197757000517072549e-08 -7.747693514207774836e-08 -3.863890562942736797e-09 1.225729697383435706e-08 -2.141237074833337416e-09 -4.403825901016321764e-08 2.225014870409190464e-09 3.666248400302813924e-08 3.507992065577436146e-11 -3.640424485653435203e-08 1.408811195488714050e-08 -2.499243910113145642e-08 -3.148308032718885982e-08 1.121790996328971055e-08 1.147554690038245149e-09 -6.535679248562110995e-10 1.623388956437474337e-08 -1.193658872973163651e-08 -1.488188889967626813e-10 5.057120619255946363e-09 -4.760321119468564977e-09 -1.523121219304611826e-08 -5.687925755789839647e-09
-1.132215891715385350e-12 -2.713659251497952541e-12 9.999999999792328342e-01 -5.306881579888646380e-10 -1.005067087762175543e-09 1.473753988998475298e-11 -6.021769753361866739e-12 -2.506181936493860642e-09 -5.377792366709063491e-09 7.669820002610807720e-09 1.326404741370282289e-10 -7.989547852023703695e-09 2.721118461641059554e-08 3.722679438949745360e-08 2.609470565473053943e-06 1.164327337490075660e-06 1.561436361684189029e-06 1.353221085158706782e-09 3.330918814792519638e-09 4.166824054524129880e-07 -8.453790321962959144e-07 -5.554467642689902694e-07 -5.960907806506630854e-07 -2.908062508216646451e-08 9.353134380861733531e-08 -1.648580188643288558e-08 -3.388296583912572246e-07 1.712661046488297521e-08 2.819242215965401963e-07 2.795465615679300130e-10 -2.806815343303854148e-07 1.084114748082100418e-07 -1.924218139285838342e-07 -2.425233197877802923e-07 8.730104488692491299e-08 8.836710906149408385e-09 -4.998810318173461344e-09 1.254386365038435649e-07 -9.076511819261143790e-08 -1.175821583899478493e-09 3.908272019458018701e-08 -3.677981993571085243e-08 -1.162047941548849055e-07 -4.381166600754030209e-08
-2.891577068924484913e-11 -6.930991043787161545e-11 -5.306881579888646380e-10 9.999999863987663051e-01 -2.579445595889993877e-08 3.890039326853420618e-10 -1.590097832062248504e-10 -6.402031526270303808e-08 -1.386847184217934599e-07 1.981927178000184488e-07 3.493169858487254207e-09 -2.020696082063243779e-07 7.076023487921974676e-07 9.707556574323830695e-07 6.873579341423577177e-05 3.085180781874342318e-05 4.139337635826690682e-05 3.582608073680414759e-08 8.722677440071656178e-08 1.084775479897596943e-05 -2.231645555350245374e-05 -1.483876988458100249e-05 -1.570123172066091650e-05 -6.887095691444101732e-07 2.367199866712731332e-06 -4.364549479739367131e-07 -8.936671555245674886e-06 4.528342948837665672e-07 7.413684866862130257e-06 8.744321700253168942e-09 -7.485984958729444288e-06 2.856975084209645907e-06 -5.084155216522992582e-06 -6.437505667438829244e-06 2.446575847112101586e-06 2.340408646993296522e-07 -1.274106034843734262e-07 3.385142786725707320e-06 -2.234572809095558554e-06 -3.554266223902713988e-08 1.053223950900717458e-06 -9.921077840966365757e-07 -2.918795527008712459e-06 -1.160482274917009955e-06
-5.474344903798891302e-11 -1.312339643055528501e-10 -1.005067087762175543e-09 -2.579445595889993877e-08 9.999999510501025313e-01 7.481349665988947027e-10 -3.058713846281225162e-10 -1.212288334288902454e-07 -2.637749754170878971e-07 3.773125079180577950e-07 6.710582347911115553e-09 -3.809640780786135126e-07 1.351113531002340488e-06 1.855958823082140937e-06 1.320501979692423290e-04 5.935376469447938848e-05 7.960099793394608740e-05 6.886072029204360662e-08 1.673040871075684182e-07 2.075373815321760598e-05 -4.289223230737872569e-05 -2.864078488766176164e-05 -3.016057616988496135e-05 -1.276598905200334444e-06 4.482983873048353245e-06 -8.409542752458040040e-07 -1.718953216777736176e-05 8.720457523952892323e-07 1.424178672715469149e-05 1.796942356854628152e-08 -1.446801531196689358e-05 5.487164483526063124e-06 -9.775071955329104307e-06 -1.241564262502671977e-05 4.831083261830680503e-06 4.508823699809964908e-07 -2.410844641587467649e-07 6.576436323549167870e-06 -4.155791984151194344e-06 -7.236602532279562604e-08 2.042022678934153241e-06 -1.927008425968564704e-06 -5.483496889780048031e-06 -2.233866918082440415e-06
7.967701937793866792e-13 1.914855367928800022e-12 1.473753988998475298e-11 3.890039326853420618e-10 7.481349665988947027e-10 9.999999999548162544e-01 1.896511823945817568e-11 1.817560771609671960e-09 4.248827941654115163e-09 -6.205639079077536993e-09 -3.583022937395019412e-10 6.726522918075647262e-09 -2.482951438075310729e-08 -3.509761103304955744e-08 -3.633354913638972057e-06 -7.520567863860493611e-07 -3.568807141331103271e-07 4.020913338670301286e-09 -1.886120073978471276e-08 -1.988276313038478622e-06 6.786026507736576919e-07 -1.091955810867558554e-06 1.383982246341613870e-06 1.709875230785807782e-06 -1.815107903220296086e-06 1.164821242393867412e-07 2.203966899658130924e-06 -1.251317904980116360e-07 -1.879160076925772241e-06 -3.841900735398426230e-09 1.869004408463563049e-06 -6.670244591623235959e-08 1.645720177794387474e-10 1.562406972010048723e-06 -1.213220110767854619e-06 -4.936822080467125435e-08 3.527361867524731463e-10 -1.019682658276847785e-06 -5.267850408988947907e-07 3.466804341553697356e-08 1.963685002764339097e-08 3.483313746860327934e-07 -2.476528620402104306e-07 4.016850339785758675e-08
-3.255293581898538078e-13 -7.823609403709188816e-13 -6.021769753361866739e-12 -1.590097832062248504e-10 -3.058713846281225162e-10 1.896511823945817568e-11 9.999999999920354821e-01 -7.436370544463588555e-10 -1.738912671504382263e-09 2.540747521330019214e-09 1.501772443832906843e-10 -2.782692221371438570e-09 1.019781859361508696e-08 1.442075248060582186e-08 1.506039395505439946e-06 2.976386439490811586e-07 1.199844712503663547e-07 -1.731224655272212421e-09 7.970646527362218660e-09 8.409282059429712873e-07 -2.747998787963229175e-07 4.761617991128744570e-07 -5.788559927524555805e-07 -7.270720708566009286e-07 7.711937848620191050e-07 -4.915917577121669892e-08 -9.303646756774739900e-07 5.283235292506755084e-08 7.938210026931079815e-07 1.598053727914895791e-09 -7.872852634223348358e-07 2.669053911195192364e-08 3.112997686949979270e-09 -6.585967594594104779e-07 5.106901908214196536e-07 2.079304699818372783e-08 -1.564411779128421757e-10 4.291956438692683324e-07 2.221309783228949337e-07 -1.461015672077973167e-08 -9.448667003783703289e-09 -1.462970459960034714e-07 1.047551451326068697e-07 -1.616146217224337554e-08
-1.366761679872372991e-10 -3.275098987544862947e-10 -2.506181936493860642e-09 -6.402031526270303808e-08 -1.212288334288902454e-07 1.817560771609671960e-09 -7.436370544463588555e-10 9.999996970196294299e-01 -6.485838112598130186e-07 9.249271621617087406e-07 1.628401199959382052e-08 -9.851594666427167787e-07 3.291562522986209524e-06 4.502713872823998337e-06 3.232137576544101684e-04 1.323223820044031919e-04 1.704656539791255345e-04 1.533180216350719985e-07 4.279159504189152937e-07 5.400181377220461754e-05 -1.030727026407870844e-04 -6.516235304132479559e-05 -7.356500003906492021e-05 -4.266345939418319096e-06 1.200629957912868886e-05 -2.037708422535297129e-06 -4.185489473151535449e-05 2.113737750568329161e-06 3.475395955272977169e-05 3.415662215126669531e-08 -3.464414848391787863e-05 1.332966404504395884e-05 -2.368441829432988064e-05 -2.986928962199945312e-05 1.091747090286174399e-05 1.087744569177177245e-06 -6.081628417444196140e-07 1.553112621208520733e-05 -1.096338196531043127e-05 -1.518330306645462203e-07 4.848743020056285805e-06 -4.569764907031193396e-06 -1.412039250627508165e-05 -5.412274000515566471e-06
-2.925381458461094136e-10 -7.015931468536292450e-10 -5.377792366709063491e-09 -1.386847184217934599e-07 -2.637749754170878971e-07 4.248827941654115163e-09 -1.738912671504382263e-09 -6.485838112598130186e-07 9.999985671397754183e-01 2.056425504547707274e-06 3.792253490360310658e-08 -2.016452035136754162e-06 7.447641730657753304e-06 1.027644357181188633e-05 7.484989632531830568e-04 3.312757425599031219e-04 4.394247620057438225e-04 3.838234135650914112e-07 9.459776130092039935e-07 1.170320742987086924e-04 -2.405133120617398718e-04 -1.608183718239972822e-04 -1.694957840163153324e-04 -7.311739264789855618e-06 2.485898097300142962e-05 -4.792576121348098098e-06 -9.744218998709722798e-05 4.959840005813060673e-06 8.037489145415529915e-05 1.212443542389263792e-07 -8.314466895512016820e-05 3.072240821814588611e-05 -5.488223972625744782e-05 -7.086963584948431378e-05 2.972945096670510657e-05 2.563524649356063056e-06 -1.286438620578509521e-06 3.842904482641183652e-05 -2.070756314308653837e-05 -4.882913187634518688e-07 1.176597247558033857e-05 -1.126386662983240620e-05 -2.845190991653147447e-05 -1.260120708392445103e-05
4.169925545094307481e-10 1.000254480710381092e-09 7.669820002610807720e-09 1.981927178000184488e-07 3.773125079180577950e-07 -6.205639079077536993e-09 2.540747521330019214e-09 9.249271621617087406e-07 2.056425504547707274e-06 9.999970446110291178e-01 -5.528500433238762966e-08 2.861086223400292646e-06 -1.075265634010103070e-05 -1.486403075968915341e-05 -1.093021989162673438e-03 -4.815909442991848552e-04 -6.362951418447840117e-04 -5.588648226914207507e-07 -1.373267114212527952e-06 -1.700237894681279371e-04 3.482416972732085749e-04 2.327601494663940015e-04 2.456421375310107943e-04 1.100246740945237907e-05 -3.616684146773740027e-05 6.991847636563084764e-06 1.419089627241092242e-04 -7.230974797060585561e-06 -1.168753824124825209e-04 -1.860962360930425823e-07 1.216306783557082884e-04 -4.441735564112825313e-05 7.940639167502989819e-05 1.034286558537416903e-04 -4.453558006046721512e-05 -3.735834815603172226e-06 1.829795589140080430e-06 -5.654554963566510114e-05 2.857593348645002775e-05 7.534209968066963838e-07 -1.716550176033056292e-05 1.657565479503958353e-05 3.997225172918564235e-05 1.826241959267094726e-05
7.175278506195815876e-12 1.724074282096452660e-11 1.326404741370282289e-10 3.493169858487254207e-09 6.710582347911115553e-09 -3.583022937395019412e-10 1.501772443832906843e-10 1.628401199959382052e-08 3.792253490360310658e-08 -5.528500433238762966e-08 9.999999971399249343e-01 5.805378064909519871e-08 -2.184298215810464869e-07 -3.081356500288598963e-07 -3.080946484073118330e-05 -7.350837155787658678e-06 -5.043173145975064248e-06 2.791183872504185602e-08 -1.445845645736893807e-07 -1.529035541650421523e-05 6.127339937182338351e-06 -7.353950108780127600e-06 1.106677907997758073e-05 1.278085391684768433e-05 -1.362728679000630753e-05 8.935239814117646971e-07 1.691673741510088422e-05 -9.585639176911631055e-07 -1.439569767010234561e-05 -3.022522637841161208e-08 1.440755631787384214e-05 -6.276643216238560722e-07 2.404703555537756877e-07 1.202957612782322655e-05 -9.311764685825222747e-06 -3.815522648782820365e-07 5.354241475663540263e-09 -7.856618521091029823e-06 -3.955223245446592393e-06 2.646682396311098144e-07 7.990160638349097383e-08 2.690823078034646823e-06 -1.806964446625573017e-06 3.613670283111834190e-07
-4.369138204459566444e-10 -1.045982939530891199e-09 -7.989547852023703695e-09 -2.020696082063243779e-07 -3.809640780786135126e-07 6.726522918075647262e-09 -2.782692221371438570e-09 -9.851594666427167787e-07 -2.016452035136754162e-06 2.861086223400292646e-06 5.805378064909519871e-08 9.999960546699129260e-01 1.041558044535503382e-05 1.415937422744927571e-05 1.276205236522583294e-03 1.050363825414647208e-04 -1.498019753223806905e-04 1.293272104372652193e-07 2.078674122091713804e-06 2.695763449761215034e-04 -3.528493096605146468e-04 -1.556093320641412331e-04 -2.749299245033489671e-04 -3.371153983869744244e-05 5.742955636156946728e-05 -7.674474453941298752e-06 -1.571107226430456009e-04 7.883742290688434810e-06 1.289475392170553352e-04 9.252310312939340531e-08 -1.277720594164654365e-04 4.863208141669451040e-05 -8.666455488549562017e-05 -1.095276588828928766e-04 4.114599104862981912e-05 3.972293398429009530e-06 -2.157734991176659400e-06 5.738149074479840703e-05 -3.880712300987909375e-05 -6.334211095580655029e-07 1.827353153909967438e-05 -1.734667830613066092e-05 -5.062292308858796640e-05 -2.026887464496713285e-05
1.476930470386347538e-09 3.544774242793499998e-09 2.721118461641059554e-08 7.076023487921974676e-07 1.351113531002340488e-06 -2.482951438075310729e-08 1.019781859361508696e-08 3.291562522986209524e-06 7.447641730657753304e-06 -1.075265634010103070e-05 -2.184298215810464869e-07 1.041558044535503382e-05 9.999599108732359909e-01 -5.582584600183836224e-05 -4.583854815569656134e-03 -1.689697819384109378e-03 -1.995530830982832592e-03 -2.203635588478001750e-06 -4.986130820480247343e-06 -6.658380216246007413e-04 1.205711691994863690e-03 7.504901169965785823e-04 8.628721781264594255e-04 6.394912261943029596e-05 -1.446924748960825582e-04 2.495284361928374177e-05 5.078370771111103809e-04 -2.566765132653928274e-05 -4.151035067564050676e-04 -6.798451467001903733e-07 4.360167065607327809e-04 -1.524587897550183635e-04 2.728290550134080403e-04 3.679512185818737259e-04 -1.697144201199541063e-04 -1.333406256734503570e-05 6.151795721221077457e-06 -2.053403885050241406e-04 8.489640290857321258e-05 3.124169663188678546e-06 -6.030646521390876566e-05 6.066486556402219738e-05 1.266326333679862080e-04 6.320584925479002917e-05
2.019011603506910513e-09 4.847062804753687528e-09 3.722679438949745360e-08 9.707556574323830695e-07 1.855958823082140937e-06 -3.509761103304955744e-08 1.442075248060582186e-08 4.502713872823998337e-06 1.027644357181188633e-05 -1.486403075968915341e-05 -3.081356500288598963e-07 1.415937422744927571e-05 -5.582584600183836224e-05 9.999220371775379146e-01 -6.576207996698688572e-03 -2.391887248715286306e-03 -2.790707571056985897e-03 -3.260136513169269925e-06 -6.558454369788800214e-06 -9.008452065669866589e-04 1.613467461286825734e-03 9.994026751315322060e-04 1.153268776672181258e-03 9.335556231130418524e-05 -1.993800766429229434e-04 3.360082507856105254e-05 6.848038778172754618e-04 -3.453249624989642808e-05 -5.589333574461745032e-04 -9.317783500824882438e-07 5.889759392501472133e-04 -2.022145153035541257e-04 3.617527598685701539e-04 4.960243313871687569e-04 -2.338224902349406804e-04 -1.799932151110713059e-05 8.142983852284854725e-06 -2.786358970225337310e-04 1.065997754547894658e-04 4.405379544450987141e-06 -8.030909627337121245e-05 8.234928543577033674e-05 1.634169666783480955e-04 8.389883934283041609e-05
1.411449414063665797e-07 3.391572565819062611e-07 2.609470565473053943e-06 6.873579341423577177e-05 1.320501979692423290e-04 -3.633354913638972057e-06 1.506039395505439946e-06 3.232137576544101684e-04 7.484989632531830568e-04 -1.093021989162673438e-03 -3.080946484073118330e-05 1.276205236522583294e-03 -4.583854815569656134e-03 -6.576207996698688572e-03 7.772730447879945580e-05 -3.160387935668020727e-05 -1.478467846832942059e-04 -5.481489775040635165e-04 3.198163297935565611e-04 2.779695563766264055e-05 -8.874345869623245304e-06 1.292116065271169492e-05 -1.992492686729542960e-05 -1.988996530171540102e-05 1.995390008293646412e-05 -1.466524810764564671e-04 -2.405148575676356593e-05 1.457011745031217844e-04 1.174534666512231684e-05 2.511270181548950844e-05 -2.592036305192153622e-05 3.398880576227648605e-06 -6.346362542956794642e-06 -2.304298587969381780e-05 2.941857357763576433e-05 -9.553945605611765591e-05 1.143113731862723816e-04 1.276899791232282384e-05 1.521886296225462594e-05 1.146644216450090064e-05 1.068386369682588753e-05 -1.820166711977851771e-05 2.221459140055298803e-05 -2.493813050622034340e-05
6.284518789257856526e-08 1.511202377998623760e-07 1.164327337490075660e-06 3.085180781874342318e-05 5.935376469447938848e-05 -7.520567863860493611e-07 2.976386439490811586e-07 1.323223820044031919e-04 3.312757425599031219e-04 -4.815909442991848552e-04 -7.350837155787658678e-06 1.050363825414647208e-04 -1.689697819384109378e-03 -2.391887248715286306e-03 -3.160387935668020727e-05 9.293280645693086572e-04 2.333836844086101953e-03 -3.300272926264410261e-04 1.611362508538323457e-04 -4.334779945363675772e-04 -1.984778021312933979e-04 -6.151923151625373178e-04 9.772620858567259805e-05 4.267625101673652938e-04 -4.284888844391669584e-04 -6.348417572123972788e-05 3.756661337581033121e-04 6.425011084337094332e-05 -3.450343993699355903e-04 5.337046207373431741e-06 2.686338342281357366e-04 3.619002750362202401e-05 -1.050925506395980350e-04 2.626254519899993566e-04 -1.185092448895567937e-04 -5.127821432535764520e-05 5.580539707197280068e-05 -1.601472881425915977e-04 4.988403048659123014e-05 -5.570393546177997355e-06 1.097728404851721203e-04 1.030413047207050134e-04 1.958768992464190474e-04 -1.125561395042547306e-04
8.424936312273401076e-08 2.026151761006621842e-07 1.561436361684189029e-06 4.139337635826690682e-05 7.960099793394608740e-05 -3.568807141331103271e-07 1.199844712503663547e-07 1.704656539791255345e-04 4.394247620057438225e-04 -6.362951418447840117e-04 -5.043173145975064248e-06 -1.498019753223806905e-04 -1.995530830982832592e-03 -2.790707571056985897e-03 -1.478467846832942059e-04 2.333836844086101953e-03 6.119990630276316013e-03 -3.750891767306578856e-04 1.795158575217819543e-04 -1.052383067404388112e-03 -4.706291612798683358e-04 -1.468559027156666162e-03 2.519890590332093537e-04 1.033127922850367525e-03 -1.031799360796500876e-03 -5.951819444618781772e-05 9.233840420688704895e-04 6.166857835815481802e-05 -8.336028736922126720e-04 -6.295508179301659173e-07 6.788249692617669487e-04 7.923681406205874132e-05 -2.328646847827124666e-04 6.480605774449846226e-04 -3.373081760791414780e-04 -6.822994106116151921e-05 6.638882912509175998e-05 -4.071176478918560760e-04 5.096420459947827137e-05 -1.393912388090890478e-05 2.206715812322982686e-04 2.548342651390384981e-04 3.617481137217515861e-04 -2.101283897515736712e-04
7.303677554734232884e-11 1.756330105127907016e-10 1.353221085158706782e-09 3.582608073680414759e-08 6.886072029204360662e-08 4.020913338670301286e-09 -1.731224655272212421e-09 1.533180216350719985e-07 3.838234135650914112e-07 -5.588648226914207507e-07 2.791183872504185602e-08 1.293272104372652193e-07 -2.203635588478001750e-06 -3.260136513169269925e-06 -5.481489775040635165e-04 -3.300272926264410261e-04 -3.750891767306578856e-04 9.999980882709639252e-01 5.212842546848724738e-06 5.489012087763028543e-04 -2.844853047685445054e-04 1.716079847706514976e-04 -3.150448426392344313e-04 -3.162345836910361325e-04 3.314412809394037666e-04 -2.228009340682946161e-05 -4.196273130409275973e-04 2.355486130306358455e-05 3.505458811793165383e-04 8.113206641801758341e-07 -3.593916430914800538e-04 2.026712081117425045e-05 -1.733690562435525329e-05 -2.958537956343514270e-04 2.355360585961707243e-04 9.392854207903945837e-06 1.068987167164275064e-07 1.966637783216309112e-04 1.019279514969172960e-04 -6.681744522006247980e-06 3.220261099757033924e-06 -6.904667357043283089e-05 4.742630940002236299e-05 -1.204081583027689170e-05
1.805513360468085564e-10 4.335264512689133679e-10 3.330918814792519638e-09 8.722677440071656178e-08 1.673040871075684182e-07 -1.886120073978471276e-08 7.970646527362218660e-09 4.279159504189152937e-07 9.459776130092039935e-07 -1.373267114212527952e-06 -1.445845645736893807e-07 2.078674122091713804e-06 -4.986130820480247343e-06 -6.558454369788800214e-06 3.198163297935565611e-04 1.611362508538323457e-04 1.795158575217819543e-04 5.212842546848724738e-06 9.999730358311700318e-01 -4.220052419562897623e-03 2.221965100555508589e-03 -6.346523212832811019e-04 7.112607668634421225e-04 6.526639039528495806e-04 -6.599089134784641604e-04 4.040578115965901560e-05 8.051487636919022481e-04 -4.220164819793799702e-05 -6.594842293968347560e-04 -1.013348014696451454e-06 6.775243906215285992e-04 -4.328240121796062565e-05 4.475103396894791307e-05 5.513154089178287729e-04 -4.431796351011249363e-04 -1.874606916226754353e-05 1.048183847943540637e-06 -3.679062522761181652e-04 -1.920361450873348083e-04 1.279408986685383834e-05 -1.101707622497244812e-05 1.303930837166666521e-04 -8.928390473285186077e-05 2.526180430560074283e-05
2.262256189031888106e-08 5.429011735055132111e-08 4.166824054524129880e-07 1.084775479897596943e-05 2.075373815321760598e-05 -1.988276313038478622e-06 8.409282059429712873e-07 5.400181377220461754e-05 1.170320742987086924e-04 -1.700237894681279371e-04 -1.529035541650421523e-05 2.695763449761215034e-04 -6.658380216246007413e-04 -9.008452065669866589e-04 2.779695563766264055e-05 -4.334779945363675772e-04 -1.052383067404388112e-03 5.489012087763028543e-04 -4.220052419562897623e-03 2.466217474244250681e-04 8.697347034055771570e-05 3.207262967271275341e-04 -5.994254102962901220e-05 -2.286117882319997012e-04 2.316643810534276047e-04 -3.483357180556073424e-04 -1.951721082474703619e-04 3.019180275232348086e-04 1.649252632689886245e-04 9.627470616078588595e-05 -1.462439176814967943e-04 -1.822312774697812455e-05 5.438539673388662342e-05 -1.496188899351648838e-04 7.887295855763556919e-05 -1.456907667187465664e-04 1.559572905404221766e-04 8.044990894567739348e-05 -3.024430397950400026e-05 5.585607454881848200e-05 -6.060271062592085346e-05 -7.138597113163037478e-05 -1.076822732987342193e-04 4.799736637283379229e-05
-4.569164242338793786e-08 -1.098209322169292995e-07 -8.453790321962959144e-07 -2.231645555350245374e-05 -4.289223230737872569e-05 6.786026507736576919e-07 -2.747998787963229175e-07 -1.030727026407870844e-04 -2.405133120617398718e-04 3.482416972732085749e-04 6.127339937182338351e-06 -3.528493096605146468e-04 1.205711691994863690e-03 1.613467461286825734e-03 -8.874345869623245304e-06 -1.984778021312933979e-04 -4.706291612798683358e-04 -2.844853047685445054e-04 2.221965100555508589e-03 8.697347034055771570e-05 5.417673335095617154e-05 1.428781099159373916e-04 -1.548712524338535394e-05 -9.603672722729291128e-05 9.675634979618341267e-05 3.194192020360304691e-04 -8.820623286616236316e-05 -3.197157580344821195e-04 9.799948055343361570e-05 -3.736442852303512762e-05 -5.438504359093263002e-05 -1.148420633475383178e-05 3.159733134596281594e-05 -5.123803317885708848e-05 3.991301623706310252e-07 2.195060923572738558e-04 -2.659412576679545258e-04 4.549466346682342043e-05 -2.175526156212935464e-05 -1.355910649652266356e-05 -3.732584646685221079e-05 -7.661359198746449099e-06 -7.306510688317606255e-05 6.138764056235400076e-05
-2.990784234965333596e-08 -7.197757000517072549e-08 -5.554467642689902694e-07 -1.483876988458100249e-05 -2.864078488766176164e-05 -1.091955810867558554e-06 4.761617991128744570e-07 -6.516235304132479559e-05 -1.608183718239972822e-04 2.327601494663940015e-04 -7.353950108780127600e-06 -1.556093320641412331e-04 7.504901169965785823e-04 9.994026751315322060e-04 1.292116065271169492e-05 -6.151923151625373178e-04 -1.468559027156666162e-03 1.716079847706514976e-04 -6.346523212832811019e-04 3.207262967271275341e-04 1.428781099159373916e-04 4.559367484770051400e-04 -7.038838896001776307e-05 -3.170138521433105540e-04 3.212629623237322042e-04 4.538501132065138652e-05 -2.752570650055188146e-04 -9.680291097310855168e-05 2.609494665790402265e-04 5.409686459063766170e-05 -1.895393766431471068e-04 -3.098787849982613437e-05 8.870089045527929680e-05 -1.908298241800566932e-04 6.225324730248742297e-05 1.345545873131073539e-04 -1.863080199872853922e-04 1.198200997336037419e-04 -6.268579679322715573e-05 3.985102208483365849e-05 -1.046997238198597570e-04 -6.638788044399903852e-05 -1.964031887924719679e-04 1.260155569523493306e-04
-3.224367476360866174e-08 -7.747693514207774836e-08 -5.960907806506630854e-07 -1.570123172066091650e-05 -3.016057616988496135e-05 1.383982246341613870e-06 -5.788559927524555805e-07 -7.356500003906492021e-05 -1.694957840163153324e-04 2.456421375310107943e-04 1.106677907997758073e-05 -2.749299245033489671e-04 8.628721781264594255e-04 1.153268776672181258e-03 -1.992492686729542960e-05 9.772620858567259805e-05 2.519890590332093537e-04 -3.150448426392344313e-04 7.112607668634421225e-04 -5.994254102962901220e-05 -1.548712524338535394e-05 -7.038838896001776307e-05 2.497267806326132866e-05 5.726878416866100990e-05 -5.910478222867627770e-05 1.641031184130775557e-03 1.130128888540591167e-05 -1.343893474966297063e-03 5.009171191225515193e-05 -2.671498417894048916e-04 3.874291506628630381e-05 -2.810808986640788083e-07 -1.214824195839102805e-06 5.334934043237338593e-05 -8.173763827834449171e-05 6.548692346545372097e-04 -7.479989957856743397e-04 1.394648386654249234e-05 -6.181370031870462767e-06 -1.146262460273326855e-04 -4.384638990193846562e-06 5.845644974834174936e-05 -2.397637497779064159e-05 6.375525777705640280e-05
-1.626544583524891816e-09 -3.863890562942736797e-09 -2.908062508216646451e-08 -6.887095691444101732e-07 -1.276598905200334444e-06 1.709875230785807782e-06 -7.270720708566009286e-07 -4.266345939418319096e-06 -7.311739264789855618e-06 1.100246740945237907e-05 1.278085391684768433e-05 -3.371153983869744244e-05 6.394912261943029596e-05 9.335556231130418524e-05 -1.988996530171540102e-05 4.267625101673652938e-04 1.033127922850367525e-03 -3.162345836910361325e-04 6.526639039528495806e-04 -2.286117882319997012e-04 -9.603672722729291128e-05 -3.170138521433105540e-04 5.726878416866100990e-05 2.272487665358003187e-04 -2.309481947900538770e-04 1.179194712352516546e-03 1.659614495492752525e-04 -8.106953758972170561e-04 -1.223887706101402825e-04 -3.266514764918041977e-04 1.322919598664375651e-04 2.110418918674323991e-05 -5.968142588066818776e-05 1.401695975716028429e-04 -7.124063956143763914e-05 1.971082735785166767e-04 -1.474260719959352901e-04 -6.845148420829174740e-05 3.607686447478998168e-05 -1.437924629919920029e-04 6.862862101515617699e-05 5.644596819904160287e-05 1.206979820277286124e-04 -7.242744615956854873e-05
5.123123059606352987e-09 1.225729697383435706e-08 9.353134380861733531e-08 2.367199866712731332e-06 4.482983873048353245e-06 -1.815107903220296086e-06 7.711937848620191050e-07 1.200629957912868886e-05 2.485898097300142962e-05 -3.616684146773740027e-05 -1.362728679000630753e-05 5.742955636156946728e-05 -1.446924748960825582e-04 -1.993800766429229434e-04 1.995390008293646412e-05 -4.284888844391669584e-04 -1.031799360796500876e-03 3.314412809394037666e-04 -6.599089134784641604e-04 2.316643810534276047e-04 9.675634979618341267e-05 3.212629623237322042e-04 -5.910478222867627770e-05 -2.309481947900538770e-04 2.359186490323830136e-04 -1.931377761371092221e-03 -1.431498114333999044e-04 1.241959368609038637e-03 8.996407554608260840e-05 4.644825717716403448e-04 -1.228283026406234014e-04 -2.278714772691357461e-05 6.318362923216875129e-05 -1.366101378354297644e-04 6.782724641354332393e-05 -2.939595030904169773e-04 2.318265659058495784e-04 5.335455583151300918e-05 -4.778984740367052180e-05 1.901202710001603303e-04 -7.559600615219202275e-05 -4.941068195015845552e-05 -1.334079677254361809e-04 8.111805983923803471e-05
-8.908223524489313332e-10 -2.141237074833337416e-09 -1.648580188643288558e-08 -4.364549479739367131e-07 -8.409542752458040040e-07 1.164821242393867412e-07 -4.915917577121669892e-08 -2.037708422535297129e-06 -4.792576121348098098e-06 6.991847636563084764e-06 8.935239814117646971e-07 -7.674474453941298752e-06 2.495284361928374177e-05 3.360082507856105254e-05 -1.466524810764564671e-04 -6.348417572123972788e-05 -5.951819444618781772e-05 -2.228009340682946161e-05 4.040578115965901560e-05 -3.483357180556073424e-04 3.194192020360304691e-04 4.538501132065138652e-05 1.641031184130775557e-03 1.179194712352516546e-03 -1.931377761371092221e-03 9.982606490343329808e-01 -4.010140783101206335e-02 8.529591597240244831e-05 8.127155251238004849e-03 -7.575326830403937735e-05 -5.153849775701099985e-03 4.783927360737423866e-04 -6.830407912813690882e-04 -3.459022912452509781e-03 2.704243752534149416e-03 1.994682868013563271e-04 -9.929247040306607918e-05 2.085372413715848305e-03 1.102675420689742166e-03 -9.480165837243739431e-05 1.688748311297473916e-04 -7.347646327554445585e-04 4.946718061423526543e-04 -1.910880990229188632e-04
-1.832763695657340215e-08 -4.403825901016321764e-08 -3.388296583912572246e-07 -8.936671555245674886e-06 -1.718953216777736176e-05 2.203966899658130924e-06 -9.303646756774739900e-07 -4.185489473151535449e-05 -9.744218998709722798e-05 1.419089627241092242e-04 1.691673741510088422e-05 -1.571107226430456009e-04 5.078370771111103809e-04 6.848038778172754618e-04 -2.405148575676356593e-05 3.756661337581033121e-04 9.233840420688704895e-04 -4.196273130409275973e-04 8.051487636919022481e-04 -1.951721082474703619e-04 -8.820623286616236316e-05 -2.752570650055188146e-04 1.130128888540591167e-05 1.659614495492752525e-04 -1.431498114333999044e-04 -4.010140783101206335e-02 2.006518584854326531e-03 -1.383040018675013930e-02 4.074520577970557576e-04 -2.193364509457642469e-03 2.480149004248055860e-04 8.792233040191693369e-07 -1.946471218905513784e-05 2.641562528908191084e-04 -2.939525206646420369e-04 2.029735032356495480e-03 -2.100676034503642670e-03 6.911506184114054901e-06 1.389716041375819087e-08 -5.537191348753924729e-04 3.804379058309673807e-05 1.358449037455758889e-04 1.768268548737392322e-05 6.897539104852061444e-05
9.257943081868546671e-10 2.225014870409190464e-09 1.712661046488297521e-08 4.528342948837665672e-07 8.720457523952892323e-07 -1.251317904980116360e-07 5.283235292506755084e-08 2.113737750568329161e-06 4.959840005813060673e-06 -7.230974797060585561e-06 -9.585639176911631055e-07 7.883742290688434810e-06 -2.566765132653928274e-05 -3.453249624989642808e-05 1.457011745031217844e-04 6.425011084337094332e-05 6.166857835815481802e-05 2.355486130306358455e-05 -4.220164819793799702e-05 3.019180275232348086e-04 -3.197157580344821195e-04 -9.680291097310855168e-05 -1.343893474966297063e-03 -8.106953758972170561e-04 1.241959368609038637e-03 8.529591597240244831e-05 -1.383040018675013930e-02 9.951757621472236970e-01 -6.669981454474524507e-02 2.160068856805024405e-04 9.560933465149469915e-03 -9.907617963379983066e-04 1.481485990773269467e-03 5.446072427976896696e-03 -4.114875641883479138e-03 -3.079970208198693328e-04 1.568496085191920691e-04 -3.027067881841193856e-03 -1.606683888781818784e-03 1.410050108310085171e-04 -3.057644244556500797e-04 1.058203091641286755e-03 -7.084843777695620532e-04 3.043048925679375620e-04
1.526237364090675268e-08 3.666248400302813924e-08 2.819242215965401963e-07 7.413684866862130257e-06 1.424178672715469149e-05 -1.879160076925772241e-06 7.938210026931079815e-07 3.475395955272977169e-05 8.037489145415529915e-05 -1.168753824124825209e-04 -1.439569767010234561e-05 1.289475392170553352e-04 -4.151035067564050676e-04 -5.589333574461745032e-04 1.174534666512231684e-05 -3.450343993699355903e-04 -8.336028736922126720e-04 3.505458811793165383e-04 -6.594842293968347560e-04 1.649252632689886245e-04 9.799948055343361570e-05 2.609494665790402265e-04 5.009171191225515193e-05 -1.223887706101402825e-04 8.996407554608260840e-05 8.127155251238004849e-03 4.074520577970557576e-04 -6.669981454474524507e-02 4.730737467346359144e-03 5.048493415165403175e-03 -8.241494540989253862e-04 6.336970319566480629e-05 -7.895921756569029078e-05 -5.801408337994721056e-04 5.421509756452695759e-04 -2.435013600702362613e-03 2.458896220009368708e-03 1.136325610270003681e-04 6.709954961009237102e-05 6.866059799344989599e-04 -3.011312008055032211e-05 -1.731018955637710858e-04 5.285048976503938021e-06 -7.299352398854141012e-05
1.433172012468135524e-11 3.507992065577436146e-11 2.795465615679300130e-10 8.744321700253168942e-09 1.796942356854628152e-08 -3.841900735398426230e-09 1.598053727914895791e-09 3.415662215126669531e-08 1.212443542389263792e-07 -1.860962360930425823e-07 -3.022522637841161208e-08 9.252310312939340531e-08 -6.798451467001903733e-07 -9.317783500824882438e-07 2.511270181548950844e-05 5.337046207373431741e-06 -6.295508179301659173e-07 8.113206641801758341e-07 -1.013348014696451454e-06 9.627470616078588595e-05 -3.736442852303512762e-05 5.409686459063766170e-05 -2.671498417894048916e-04 -3.266514764918041977e-04 4.644825717716403448e-04 -7.575326830403937735e-05 -2.193364509457642469e-03 2.160068856805024405e-04 5.048493415165403175e-03 9.999137110890020663e-01 6.608339271966677010e-03 -2.654386067158008111e-04 1.048772857189875105e-04 2.663335100704074167e-03 -1.639883586751454247e-03 -8.043696955161884076e-05 2.293880468092922279e-05 -1.148885584754135184e-03 -5.666298239579012829e-04 3.897146643734957687e-05 6.899626947676580695e-06 3.528824614285204476e-04 -2.389079516002414849e-04 4.593228336417278375e-05
-1.513420348830440605e-08 -3.640424485653435203e-08 -2.806815343303854148e-07 -7.485984958729444288e-06 -1.446801531196689358e-05 1.869004408463563049e-06 -7.872852634223348358e-07 -3.464414848391787863e-05 -8.314466895512016820e-05 1.216306783557082884e-04 1.440755631787384214e-05 -1.277720594164654365e-04 4.360167065607327809e-04 5.889759392501472133e-04 -2.592036305192153622e-05 2.686338342281357366e-04 6.788249692617669487e-04 -3.593916430914800538e-04 6.775243906215285992e-04 -1.462439176814967943e-04 -5.438504359093263002e-05 -1.895393766431471068e-04 3.874291506628630381e-05 1.322919598664375651e-04 -1.228283026406234014e-04 -5.153849775701099985e-03 2.480149004248055860e-04 9.560933465149469915e-03 -8.241494540989253862e-04 6.608339271966677010e-03 4.383107012754162870e-04 -3.909011626127987995e-05 6.205287911032171067e-05 4.352047033372290772e-04 -7.245998691459359193e-04 7.133653982964275296e-03 -7.306721674242271786e-03 3.667489583009783042e-04 2.293748407581626715e-05 -1.393191913308949740e-03 -5.121286889911267452e-06 2.537454298402813603e-04 -1.551395301671884639e-04 3.566937977758911330e-04
5.862438964809474366e-09 1.408811195488714050e-08 1.084114748082100418e-07 2.856975084209645907e-06 5.487164483526063124e-06 -6.670244591623235959e-08 2.669053911195192364e-08 1.332966404504395884e-05 3.072240821814588611e-05 -4.441735564112825313e-05 -6.276643216238560722e-07 4.863208141669451040e-05 -1.524587897550183635e-04 -2.022145153035541257e-04 3.398880576227648605e-06 3.619002750362202401e-05 7.923681406205874132e-05 2.026712081117425045e-05 -4.328240121796062565e-05 -1.822312774697812455e-05 -1.148420633475383178e-05 -3.098787849982613437e-05 -2.810808986640788083e-07 2.110418918674323991e-05 -2.278714772691357461e-05 4.783927360737423866e-04 8.792233040191693369e-07 -9.907617963379983066e-04 6.336970319566480629e-05 -2.654386067158008111e-04 -3.909011626127987995e-05 1.344839038242743475e-05 -2.959585176659384166e-05 -4.532509776604235640e-05 1.212648281493518119e-04 -1.165234252229622189e-03 1.340418825683697100e-03 -6.771398949230305611e-05 1.658878110212163705e-05 6.839322476859342054e-05 3.266272615596225141e-05 -6.368682525134691341e-05 8.474428953012707374e-05 -1.286876930505983791e-04
-1.039723944881775852e-08 -2.499243910113145642e-08 -1.924218139285838342e-07 -5.084155216522992582e-06 -9.775071955329104307e-06 1.645720177794387474e-10 3.112997686949979270e-09 -2.368441829432988064e-05 -5.488223972625744782e-05 7.940639167502989819e-05 2.404703555537756877e-07 -8.666455488549562017e-05 2.728290550134080403e-04 3.617527598685701539e-04 -6.346362542956794642e-06 -1.050925506395980350e-04 -2.328646847827124666e-04 -1.733690562435525329e-05 4.475103396894791307e-05 5.438539673388662342e-05 3.159733134596281594e-05 8.870089045527929680e-05 -1.214824195839102805e-06 -5.968142588066818776e-05 6.318362923216875129e-05 -6.830407912813690882e-04 -1.946471218905513784e-05 1.481485990773269467e-03 -7.895921756569029078e-05 1.048772857189875105e-04 6.205287911032171067e-05 -2.959585176659384166e-05 6.720585629020058862e-05 7.755626117001512647e-05 -2.421243254524001924e-04 2.285449551928974907e-03 -2.699078255155339286e-03 1.344345096109119894e-04 -4.537919982462716202e-05 -4.077100884603418869e-05 -8.051625384282206017e-05 1.374961637025199095e-04 -1.978575333427508905e-04 2.865316775136795158e-04
-1.309432115739647396e-08 -3.148308032718885982e-08 -2.425233197877802923e-07 -6.437505667438829244e-06 -1.241564262502671977e-05 1.562406972010048723e-06 -6.585967594594104779e-07 -2.986928962199945312e-05 -7.086963584948431378e-05 1.034286558537416903e-04 1.202957612782322655e-05 -1.095276588828928766e-04 3.679512185818737259e-04 4.960243313871687569e-04 -2.304298587969381780e-05 2.626254519899993566e-04 6.480605774449846226e-04 -2.958537956343514270e-04 5.513154089178287729e-04 -1.496188899351648838e-04 -5.123803317885708848e-05 -1.908298241800566932e-04 5.334934043237338593e-05 1.401695975716028429e-04 -1.366101378354297644e-04 -3.459022912452509781e-03 2.641562528908191084e-04 5.446072427976896696e-03 -5.801408337994721056e-04 2.663335100704074167e-03 4.352047033372290772e-04 -4.532509776604235640e-05 7.755626117001512647e-05 5.279979348910995331e-04 -1.035288120286344130e-03 1.278820926909654196e-02 -1.197990666527073284e-02 8.331212968213669995e-04 1.858603221690702158e-04 -2.156648895343964058e-03 4.753764487596849131e-05 2.110682012386525246e-04 -1.162900859839587628e-04 3.840411627677769090e-04
4.641228766369602529e-09 1.121790996328971055e-08 8.730104488692491299e-08 2.446575847112101586e-06 4.831083261830680503e-06 -1.213220110767854619e-06 5.106901908214196536e-07 1.091747090286174399e-05 2.972945096670510657e-05 -4.453558006046721512e-05 -9.311764685825222747e-06 4.114599104862981912e-05 -1.697144201199541063e-04 -2.338224902349406804e-04 2.941857357763576433e-05 -1.185092448895567937e-04 -3.373081760791414780e-04 2.355360585961707243e-04 -4.431796351011249363e-04 7.887295855763556919e-05 3.991301623706310252e-07 6.225324730248742297e-05 -8.173763827834449171e-05 -7.124063956143763914e-05 6.782724641354332393e-05 2.704243752534149416e-03 -2.939525206646420369e-04 -4.114875641883479138e-03 5.421509756452695759e-04 -1.639883586751454247e-03 -7.245998691459359193e-04 1.212648281493518119e-04 -2.421243254524001924e-04 -1.035288120286344130e-03 2.491247578511878412e-03 -3.688845412889712322e-02 2.805968060235637662e-02 -2.413466998084029883e-03 -6.022143168561662008e-04 3.081865021203481284e-03 -8.512777240749939750e-05 -2.152371336791084587e-04 2.728402469218794242e-04 -7.185157085682983020e-04
